1	17.86029	9.45102	4.06881	4.39751	3.75000
2	18.26332	9.89652	3.99176	4.51239	3.75000
3	18.65821	10.35270	3.90608	4.61132	3.75000
4	19.04432	10.81753	3.81608	4.68523	3.75000
5	19.42149	11.28818	3.72730	4.72783	3.75000
6	19.79010	11.76134	3.64491	4.73520	3.75000
7	20.15096	12.23332	3.57229	4.70440	3.75000
8	20.50513	12.70024	3.51119	4.63401	3.75000
9	20.85383	13.15827	3.46293	4.52656	3.75000
10	21.19840	13.60413	3.42848	4.39065	3.75000
11	21.54021	14.03567	3.40763	4.24028	3.75000
12	21.88051	14.45224	3.39833	4.09102	3.75000
13	22.22028	14.85456	3.39707	3.95548	3.75000
14	22.56013	15.24436	3.39989	3.84040	3.75000
15	22.90027	15.62369	3.40303	3.74622	3.75000
16	23.24058	15.99447	3.40312	3.66945	3.75000
17	23.58061	16.35825	3.39739	3.60609	3.75000
18	23.91969	16.71625	3.38426	3.55390	3.75000
19	24.25710	17.06959	3.36394	3.51299	3.75000
20	24.59224	17.41950	3.33894	3.48507	3.75000
21	24.92485	17.76729	3.31328	3.47088	3.75000
22	25.25507	18.11424	3.29104	3.46803	3.75000
23	25.58339	18.46120	3.27545	3.47120	3.75000
24	25.91062	18.80848	3.26906	3.47441	3.75000
25	26.23782	19.15587	3.27497	3.47334	3.75000
26	26.56643	19.50287	3.29713	3.46665	3.75000
27	26.89825	19.84901	3.33924	3.45609	3.75000
28	27.23536	20.19410	3.40313	3.44582	3.75000
29	27.57992	20.53846	3.48793	3.44129	3.75000
30	27.93380	20.88293	3.58975	3.44808	3.75000
31	28.29839	21.22886	3.70205	3.47057	3.75000
32	28.67436	21.57791	3.81727	3.51054	3.75000
33	29.06168	21.93175	3.92916	3.56622	3.75000
34	29.45984	22.29172	4.03403	3.63312	3.75000
35	29.86807	22.65868	4.13065	3.70610	3.75000
36	30.28560	23.03299	4.21981	3.78015	3.75000
37	30.71177	23.41447	4.30378	3.84942	3.75000
38	31.14622	23.80233	4.38516	3.90786	3.75000
39	31.58877	24.19534	4.46571	3.95233	3.75000
40	32.03938	24.59219	4.54653	3.98460	3.75000
41	32.49813	24.99189	4.62860	4.00933	3.75000
42	32.96516	25.39391	4.71185	4.03103	3.75000
43	33.44043	25.79814	4.79367	4.05358	3.75000
44	33.92356	26.20486	4.86881	4.08092	3.75000
45	34.41355	26.61477	4.93098	4.11714	3.75000
46	34.90887	27.02891	4.97537	4.16585	3.75000
47	35.40768	27.44867	5.00099	4.22931	3.75000
48	35.90828	27.87555	5.01094	4.30831	3.75000
49	36.40936	28.31111	5.01061	4.40274	3.75000
50	36.91017	28.75682	5.00565	4.51156	3.75000
51	37.41051	29.21402	5.00120	4.63232	3.75000
52	37.91068	29.68365	5.00207	4.76047	3.75000
53	38.41139	30.16614	5.01213	4.88927	3.75000
54	38.91363	30.66119	5.03276	5.01170	3.75000
55	39.41837	31.16794	5.06199	5.12334	3.75000
56	39.92622	31.68529	5.09505	5.22368	3.75000
57	40.43728	32.21223	5.12614	5.31501	3.75000
58	40.95113	32.74796	5.15086	5.39966	3.75000
59	41.46706	33.29185	5.16773	5.47811	3.75000
60	41.98436	33.84323	5.17832	5.54955	3.75000
61	42.50260	34.40135	5.18652	5.61270	3.75000
62	43.02179	34.96529	5.19719	5.66617	3.75000
63	43.54239	35.53403	5.21480	5.70863	3.75000
64	44.06524	36.10637	5.24231	5.73813	3.75000
65	44.59136	36.68091	5.27999	5.75266	3.75000
66	45.12166	37.25620	5.32596	5.75313	3.75000
67	45.65690	37.83108	5.37891	5.74464	3.75000
68	46.19785	38.40500	5.44003	5.73373	3.75000
69	46.74547	38.97793	5.51247	5.72489	3.75000
70	47.30106	39.55012	5.59921	5.71888	3.75000
71	47.86603	40.12173	5.70018	5.71337	3.75000
72	48.44154	40.69269	5.81015	5.70579	3.75000
73	49.02802	41.26278	5.91936	5.69590	3.75000
74	49.62484	41.83185	6.01697	5.68555	3.75000
75	50.23044	42.39997	6.09520	5.67678	3.75000
76	50.84279	42.96732	6.15180	5.67028	3.75000
77	51.45986	43.53407	6.18946	5.66482	3.75000
78	52.07998	44.10017	6.21298	5.65713	3.75000
79	52.70196	44.66513	6.22667	5.64212	3.75000
80	53.32492	45.22796	6.23253	5.61449	3.75000
81	53.94803	45.78730	6.22972	5.57224	3.75000
82	54.57033	46.34190	6.21616	5.51980	3.75000
83	55.19070	46.89125	6.19137	5.46722	3.75000
84	55.80816	47.43586	6.15765	5.42487	3.75000
85	56.42198	47.97703	6.11886	5.39856	3.75000
86	57.03185	48.51639	6.07862	5.38868	3.75000
87	57.63775	49.05541	6.03931	5.39175	3.75000
88	58.23982	49.59511	6.00215	5.40208	3.75000
89	58.83831	50.13588	5.96760	5.41342	3.75000
90	59.43344	50.67759	5.93507	5.42072	3.75000
91	60.02535	51.21970	5.90303	5.42158	3.75000
92	60.61400	51.76157	5.87010	5.41582	3.75000
93	61.19929	52.30258	5.83555	5.40438	3.75000
94	61.78102	52.84226	5.79913	5.38911	3.75000
95	62.35902	53.38036	5.76075	5.37283	3.75000
96	62.93306	53.91688	5.72012	5.35757	3.75000
97	63.50290	54.45186	5.67672	5.34213	3.75000
98	64.06822	54.98509	5.62968	5.32239	3.75000
99	64.62860	55.51600	5.57799	5.29594	3.75000
100	65.18355	56.04413	5.52100	5.26659	3.75000
101	65.73257	56.56963	5.45922	5.24351	3.75000
102	66.27526	57.09359	5.39461	5.23559	3.75000
103	66.81148	57.61769	5.32991	5.24635	3.75000
104	67.34138	58.14367	5.26807	5.27341	3.75000
105	67.86541	58.67291	5.21243	5.31130	3.75000
106	68.38440	59.20618	5.16740	5.35409	3.75000
107	68.89967	59.74370	5.13810	5.39641	3.75000
108	69.41300	60.28522	5.12851	5.43382	3.75000
109	69.92641	60.83008	5.13969	5.46353	3.75000
110	70.44188	61.37755	5.16973	5.48581	3.75000
111	70.96118	61.92701	5.21611	5.50329	3.75000
112	71.48585	62.47806	5.27739	5.51775	3.75000
113	72.01731	63.03033	5.35176	5.52779	3.75000
114	72.55662	63.58323	5.43438	5.53017	3.75000
115	73.10417	64.13587	5.51680	5.52254	3.75000
116	73.65946	64.68726	5.58887	5.50526	3.75000
117	74.22098	65.23661	5.64159	5.48182	3.75000
118	74.78652	65.78358	5.66919	5.45752	3.75000
119	75.35347	66.32832	5.66977	5.43729	3.75000
120	75.91920	66.87139	5.64493	5.42415	3.75000
121	76.48141	67.41355	5.59929	5.41893	3.75000
122	77.03838	67.95550	5.54004	5.42024	3.75000
123	77.58919	68.49774	5.47607	5.42455	3.75000
124	78.13379	69.04028	5.41595	5.42615	3.75000
125	78.67285	69.58248	5.36527	5.41792	3.75000
126	79.20738	70.12308	5.32530	5.39392	3.75000
127	79.73833	70.66041	5.29371	5.35276	3.75000
128	80.26634	71.19301	5.26645	5.29928	3.75000
129	80.79163	71.72008	5.23942	5.24215	3.75000
130	81.31407	72.24166	5.20934	5.18929	3.75000
131	81.83324	72.75836	5.17402	5.14478	3.75000
132	82.34858	73.27108	5.13293	5.10966	3.75000
133	82.85962	73.78075	5.08777	5.08373	3.75000
134	83.36612	74.28822	5.04232	5.06572	3.75000
135	83.86836	74.79415	5.00231	5.05289	3.75000
136	84.36726	75.29884	4.97573	5.04085	3.75000
137	84.86461	75.80210	4.97131	5.02446	3.75000
138	85.36290	76.30336	4.99444	5.00065	3.75000
139	85.86482	76.80196	5.04401	4.97130	3.75000
140	86.37270	77.29766	5.11363	4.94277	3.75000
141	86.88816	77.79093	5.19545	4.92255	3.75000
142	87.41206	78.28286	5.28273	4.91618	3.75000
143	87.94470	78.77501	5.37004	4.92671	3.75000
144	88.48586	79.26911	5.45302	4.95539	3.75000
145	89.03496	79.76699	5.52904	5.00212	3.75000
146	89.59128	80.27036	5.59739	5.06529	3.75000
147	90.15412	80.78074	5.65943	5.14237	3.75000
148	90.72306	81.29942	5.71925	5.23111	3.75000
149	91.29818	81.82746	5.78327	5.32976	3.75000
150	91.88026	82.36577	5.85826	5.43646	3.75000
151	92.47063	82.91504	5.94920	5.54900	3.75000
152	93.07099	83.47573	6.05789	5.66482	3.75000
153	93.68301	84.04802	6.18253	5.78081	3.75000
154	94.30805	84.63173	6.31841	5.89350	3.75000
155	94.94697	85.22643	6.45999	6.00047	3.75000
156	95.60013	85.83152	6.60302	6.10131	3.75000
157	96.26755	86.44643	6.74551	6.19700	3.75000
158	96.94920	87.07075	6.88742	6.28940	3.75000
159	97.64509	87.70428	7.03043	6.38110	3.75000
160	98.35549	88.34706	7.17750	6.47462	3.75000
161	99.08096	88.99935	7.33198	6.57114	3.75000
162	99.82235	89.66141	7.49576	6.67001	3.75000
163	100.58056	90.33339	7.66836	6.76963	3.75000
164	101.35635	91.01531	7.84748	6.86872	3.75000
165	102.15022	91.70708	8.02998	6.96673	3.75000
166	102.96238	92.40860	8.21320	7.06362	3.75000
167	103.79285	93.11976	8.39616	7.15958	3.75000
168	104.64162	93.84050	8.57928	7.25522	3.75000
169	105.50872	94.57085	8.76273	7.35182	3.75000
170	106.39416	95.31097	8.94597	7.45056	3.75000
171	107.29786	96.06108	9.12821	7.55170	3.75000
172	108.21971	96.82145	9.30861	7.65570	3.75000
173	109.15948	97.59248	9.48682	7.76481	3.75000
174	110.11699	98.37483	9.66347	7.88217	3.75000
175	111.09214	99.16940	9.83959	8.00935	3.75000
176	112.08489	99.97715	10.01531	8.14555	3.75000
177	113.09512	100.79885	10.18937	8.28843	3.75000
178	114.12259	101.63503	10.35999	8.43532	3.75000
179	115.16689	102.48599	10.52592	8.58387	3.75000
180	116.22748	103.35180	10.68597	8.73228	3.75000
181	117.30361	104.23240	10.83665	8.87971	3.75000
182	118.39395	105.12772	10.97003	9.02669	3.75000
183	119.49621	106.03779	11.07516	9.17460	3.75000
184	120.60713	106.96273	11.14333	9.32433	3.75000
185	121.72296	107.90267	11.17316	9.47436	3.75000
186	122.84019	108.85739	11.17154	9.62010	3.75000
187	123.95627	109.82618	11.14997	9.75573	3.75000
188	125.06973	110.80781	11.11928	9.87686	3.75000
189	126.18002	111.80070	11.08663	9.98090	3.75000
190	127.28721	112.80297	11.05707	10.06456	3.75000
191	128.39191	113.81234	11.03691	10.12278	3.75000
192	129.49549	114.82608	11.03479	10.15208	3.75000
193	130.60021	115.84141	11.05947	10.15454	3.75000
194	131.70895	116.85601	11.11544	10.13743	3.75000
195	132.82471	117.86836	11.19974	10.10962	3.75000
196	133.94985	118.87775	11.30297	10.07801	3.75000
197	135.08568	119.88394	11.41374	10.04583	3.75000
198	136.23254	120.88692	11.52349	10.01380	3.75000
199	137.39012	121.88678	11.62812	9.98351	3.75000
200	138.55784	122.88399	11.72616	9.96053	3.75000
201	139.73497	123.87971	11.81646	9.95396	3.75000
202	140.92065	124.87601	11.89718	9.97200	3.75000
203	142.11379	125.87547	11.96566	10.01726	3.75000
204	143.31302	126.88061	12.01888	10.08542	3.75000
205	144.51670	127.89329	12.05468	10.16822	3.75000
206	145.72310	128.91459	12.07340	10.25784	3.75000
207	146.93069	129.94496	12.07834	10.34949	3.75000
208	148.13839	130.98451	12.07567	10.44155	3.75000
209	149.34585	132.03325	12.07352	10.53326	3.75000
210	150.55349	133.09103	12.07936	10.62230	3.75000
211	151.76230	134.15742	12.09681	10.70551	3.75000
212	152.97339	135.23181	12.12491	10.78229	3.75000
213	154.18762	136.31374	12.15974	10.85621	3.75000
214	155.40542	137.40319	12.19624	10.93295	3.75000
215	156.62671	138.50070	12.22953	11.01716	3.75000
216	157.85102	139.60710	12.25677	11.11081	3.75000
217	159.07780	140.72329	12.27882	11.21301	3.75000
218	160.30673	141.84996	12.29969	11.32036	3.75000
219	161.53791	142.98737	12.32398	11.42791	3.75000
220	162.77183	144.13527	12.35441	11.53001	3.75000
221	164.00908	145.29282	12.39058	11.62106	3.75000
222	165.25005	146.45871	12.42877	11.69676	3.75000
223	166.49464	147.63133	12.46305	11.75562	3.75000
224	167.74219	148.80912	12.48802	11.80015	3.75000
225	168.99169	149.99094	12.50190	11.83627	3.75000
226	170.24212	151.17630	12.50680	11.87082	3.75000
227	171.49277	152.36531	12.50609	11.90953	3.75000
228	172.74317	153.55860	12.50190	11.95615	3.75000
229	173.99301	154.75702	12.49488	12.01238	3.75000
230	175.24200	155.96151	12.48501	12.07727	3.75000
231	176.48985	157.17272	12.47198	12.14710	3.75000
232	177.73622	158.39092	12.45544	12.21674	3.75000
233	178.98080	159.61581	12.43606	12.28112	3.75000
234	180.22339	160.84663	12.41583	12.33535	3.75000
235	181.46400	162.08213	12.39642	12.37456	3.75000
236	182.70270	163.32061	12.37756	12.39506	3.75000
237	183.93946	164.56016	12.35753	12.39606	3.75000
238	185.17408	165.79898	12.33490	12.38032	3.75000
239	186.40629	167.03569	12.30940	12.35385	3.75000
240	187.63585	168.26966	12.28168	12.32551	3.75000
241	188.86257	169.50121	12.25284	12.30553	3.75000
242	190.08642	170.73159	12.22413	12.30214	3.75000
243	191.30744	171.96261	12.19636	12.31816	3.75000
244	192.52572	173.19603	12.16922	12.35029	3.75000
245	193.74125	174.43311	12.14126	12.39133	3.75000
246	194.95385	175.67437	12.11071	12.43381	3.75000
247	196.16322	176.91969	12.07672	12.47264	3.75000
248	197.36906	178.16860	12.04022	12.50561	3.75000
249	198.57127	179.42051	12.00394	12.53246	3.75000
250	199.77004	180.67480	11.97139	12.55331	3.75000
251	200.96585	181.93082	11.94484	12.56712	3.75000
252	202.15928	183.18778	11.92384	12.57215	3.75000
253	203.35080	184.44479	11.90652	12.56810	3.75000
254	204.54076	185.70103	11.89259	12.55662	3.75000
255	205.72964	186.95587	11.88498	12.54017	3.75000
256	206.91832	188.20894	11.88868	12.52132	3.75000
257	208.10815	189.46015	11.90797	12.50282	3.75000
258	209.30074	190.70967	11.94376	12.48755	3.75000
259	210.49755	191.95794	11.99249	12.47780	3.75000
260	211.69954	193.20551	12.04730	12.47360	3.75000
261	212.90694	194.45274	12.10070	12.47116	3.75000
262	214.11933	195.69950	12.14700	12.46391	3.75000
263	215.33586	196.94502	12.18363	12.44647	3.75000
264	216.55562	198.18824	12.21170	12.41796	3.75000
265	217.77799	199.42819	12.23569	12.38114	3.75000
266	219.00286	200.66417	12.26159	12.33839	3.75000
267	220.23061	201.89555	12.29348	12.28922	3.75000
268	221.46185	203.12161	12.33120	12.23208	3.75000
269	222.69697	204.34162	12.37119	12.16806	3.75000
270	223.93602	205.55514	12.40982	12.10227	3.75000
271	225.17881	206.76235	12.44616	12.04198	3.75000
272	226.42522	207.96414	12.48189	11.99379	3.75000
273	227.67526	209.16191	12.51903	11.96161	3.75000
274	228.92910	210.35732	12.55764	11.94670	3.75000
275	230.18675	211.55211	12.59538	11.94911	3.75000
276	231.44792	212.74800	12.62806	11.96850	3.75000
277	232.71186	213.94662	12.65077	12.00406	3.75000
278	233.97742	215.14955	12.66046	12.05449	3.75000
279	235.24337	216.35818	12.65841	12.11805	3.75000
280	236.50879	217.57370	12.65005	12.19230	3.75000
281	237.77340	218.79699	12.64219	12.27358	3.75000
282	239.03750	220.02849	12.63983	12.35636	3.75000
283	240.30173	221.26797	12.64469	12.43321	3.75000
284	241.56672	222.51448	12.65505	12.49701	3.75000
285	242.83276	223.76654	12.66589	12.54429	3.75000
286	244.09959	225.02259	12.67056	12.57664	3.75000
287	245.36633	226.28136	12.66436	12.59880	3.75000
288	246.63192	227.54207	12.64748	12.61541	3.75000
289	247.89556	228.80428	12.62522	12.62868	3.75000
290	249.15712	230.06761	12.60595	12.63802	3.75000
291	250.41727	231.33156	12.59712	12.64104	3.75000
292	251.67718	232.59538	12.60101	12.63528	3.75000
293	252.93789	233.85815	12.61320	12.62012	3.75000
294	254.19982	235.11906	12.62545	12.59813	3.75000
295	255.46261	236.37771	12.63030	12.57480	3.75000
296	256.72533	237.63425	12.62412	12.55594	3.75000
297	257.98689	238.88929	12.60718	12.54492	3.75000
298	259.24634	240.14364	12.58176	12.54206	3.75000
299	260.50296	241.39799	12.55069	12.54507	3.75000
300	261.75635	242.65273	12.51700	12.54962	3.75000
301	263.00637	243.90777	12.48356	12.55119	3.75000
302	264.25320	245.16272	12.45304	12.54774	3.75000
303	265.49725	246.41714	12.42796	12.54078	3.75000
304	266.73915	247.67090	12.40995	12.53443	3.75000
305	267.97959	248.92431	12.39877	12.53365	3.75000
306	269.21914	250.17808	12.39236	12.54191	3.75000
307	270.45815	251.43313	12.38771	12.55896	3.75000
308	271.69664	252.69014	12.38224	12.58122	3.75000
309	272.93452	253.94940	12.37537	12.60407	3.75000
310	274.17173	255.21079	12.36877	12.62368	3.75000
311	275.40840	256.47389	12.36455	12.63829	3.75000
312	276.64482	257.73826	12.36387	12.64905	3.75000
313	277.88137	259.00364	12.36722	12.65861	3.75000
314	279.11847	260.26998	12.37480	12.66828	3.75000
315	280.35653	261.53724	12.38642	12.67682	3.75000
316	281.59594	262.80516	12.40163	12.68163	3.75000
317	282.83702	264.07329	12.41995	12.68089	3.75000
318	284.08006	265.34108	12.44088	12.67495	3.75000
319	285.32528	266.60814	12.46361	12.66630	3.75000
320	286.57281	267.87439	12.48701	12.65875	3.75000
321	287.82266	269.14011	12.50996	12.65561	3.75000
322	289.07473	270.40579	12.53139	12.65805	3.75000
323	290.32881	271.67196	12.55020	12.66526	3.75000
324	291.58461	272.93902	12.56579	12.67603	3.75000
325	292.84183	274.20732	12.57861	12.68990	3.75000
326	294.10027	275.47715	12.59026	12.70677	3.75000
327	295.35994	276.74878	12.60313	12.72575	3.75000
328	296.62108	278.02230	12.61971	12.74457	3.75000
329	297.88414	279.29754	12.64142	12.76034	3.75000
330	299.14960	280.57410	12.66783	12.77091	3.75000
331	300.41781	281.85142	12.69634	12.77534	3.75000
332	301.68879	283.12887	12.72318	12.77376	3.75000
333	302.96220	284.40594	12.74514	12.76760	3.75000
334	304.23752	285.68231	12.76117	12.75979	3.75000
335	305.51421	286.95796	12.77266	12.75326	3.75000
336	306.79197	288.23308	12.78246	12.74909	3.75000
337	308.07075	289.50787	12.79315	12.74680	3.75000
338	309.35071	290.78252	12.80604	12.74610	3.75000
339	310.63206	292.05716	12.82109	12.74673	3.75000
340	311.91498	293.33183	12.83734	12.74667	3.75000
341	313.19953	294.60625	12.85357	12.74177	3.75000
342	314.48564	295.87972	12.86871	12.72770	3.75000
343	315.77316	297.15124	12.88154	12.70257	3.75000
344	317.06177	298.41977	12.89071	12.66801	3.75000
345	318.35108	299.68458	12.89553	12.62827	3.75000
346	319.64067	300.94540	12.89630	12.58820	3.75000
347	320.93019	302.20243	12.89407	12.55228	3.75000
348	322.21940	303.45630	12.89005	12.52510	3.75000
349	323.50816	304.70812	12.88516	12.51128	3.75000
350	324.79639	305.95938	12.87953	12.51393	3.75000
351	326.08402	307.21174	12.87310	12.53340	3.75000
352	327.37100	308.46677	12.86638	12.56707	3.75000
353	328.65735	309.72561	12.86065	12.60973	3.75000
354	329.94326	310.98883	12.85757	12.65470	3.75000
355	331.22907	312.25637	12.85857	12.69618	3.75000
356	332.51520	313.52778	12.86412	12.73206	3.75000
357	333.80207	314.80260	12.87323	12.76434	3.75000
358	335.08991	316.08065	12.88363	12.79655	3.75000
359	336.37874	317.36199	12.89290	12.83020	3.75000
360	337.66836	318.64668	12.89951	12.86370	3.75000
361	338.95850	319.93460	12.90336	12.89470	3.75000
362	340.24896	321.22550	12.90585	12.92319	3.75000
363	341.53974	322.51923	12.90965	12.95146	3.75000
364	342.83112	323.81588	12.91796	12.98166	3.75000
365	344.12369	325.11565	12.93355	13.01374	3.75000
366	345.41826	326.41863	12.95773	13.04579	3.75000
367	346.71565	327.72472	12.99016	13.07596	3.75000
368	348.01664	329.03369	13.02958	13.10339	3.75000
369	349.32186	330.34522	13.07488	13.12740	3.75000
370	350.63189	331.65891	13.12574	13.14629	3.75000
371	351.94730	332.97409	13.18237	13.15740	3.75000
372	353.26864	334.28990	13.24454	13.15865	3.75000
373	354.59640	335.60534	13.31054	13.15020	3.75000
374	355.93078	336.91959	13.37700	13.13487	3.75000
375	357.27162	338.23219	13.43981	13.11713	3.75000
376	358.61838	339.54310	13.49555	13.10104	3.75000
377	359.97030	340.85258	13.54275	13.08850	3.75000
378	361.32656	342.16100	13.58250	13.07995	3.75000
379	362.68660	343.46881	13.61828	13.07628	3.75000
380	364.05025	344.77656	13.65465	13.07867	3.75000
381	365.41775	346.08482	13.69537	13.08669	3.75000
382	366.78961	347.39407	13.74182	13.09815	3.75000
383	368.16634	348.70451	13.79275	13.11064	3.75000
384	369.54823	350.01617	13.84522	13.12267	3.75000
385	370.93531	351.32899	13.89623	13.13369	3.75000
386	372.32729	352.64285	13.94348	13.14359	3.75000
387	373.72372	353.95766	13.98506	13.15248	3.75000
388	375.12394	355.27331	14.01926	13.16057	3.75000
389	376.52713	356.58977	14.04456	13.16869	3.75000
390	377.93236	357.90714	14.06019	13.17873	3.75000
391	379.33872	359.22574	14.06687	13.19319	3.75000
392	380.74541	360.54610	14.06691	13.21407	3.75000
393	382.15193	361.86893	14.06363	13.24251	3.75000
394	383.55814	363.19499	14.06044	13.27876	3.75000
395	384.96415	364.52507	14.05991	13.32269	3.75000
396	386.37031	365.85991	14.06323	13.37415	3.75000
397	387.77699	367.20022	14.07036	13.43199	3.75000
398	389.18452	368.54646	14.08021	13.49295	3.75000
399	390.59309	369.89872	14.09119	13.55222	3.75000
400	392.00272	371.25657	14.10146	13.60485	3.75000
401	393.41325	372.61921	14.10911	13.64795	3.75000
402	394.82435	373.98571	14.11282	13.68201	3.75000
403	396.23561	375.35529	14.11250	13.70963	3.75000
404	397.64668	376.72745	14.10887	13.73351	3.75000
405	399.05726	378.10192	14.10271	13.75579	3.75000
406	400.46713	379.47861	14.09480	13.77817	3.75000
407	401.87619	380.85764	14.08622	13.80235	3.75000
408	403.28440	382.23925	14.07805	13.82979	3.75000
409	404.69183	383.62378	14.07062	13.86095	3.75000
410	406.09855	385.01158	14.06363	13.89507	3.75000
411	407.50458	386.40287	14.05714	13.93066	3.75000
412	408.91004	387.79773	14.05197	13.96645	3.75000
413	410.31508	389.19617	14.04884	14.00245	3.75000
414	411.71990	390.59828	14.04756	14.03976	3.75000
415	413.12464	392.00423	14.04721	14.07926	3.75000
416	414.52933	393.41424	14.04662	14.12083	3.75000
417	415.93390	394.82844	14.04468	14.16330	3.75000
418	417.33816	396.24684	14.04056	14.20470	3.75000
419	418.74190	397.66921	14.03431	14.24260	3.75000
420	420.14498	399.09508	14.02721	14.27480	3.75000
421	421.54739	400.52384	14.02109	14.30055	3.75000
422	422.94931	401.95494	14.01723	14.32138	3.75000
423	424.35096	403.38800	14.01583	14.33985	3.75000
424	425.75254	404.82286	14.01577	14.35733	3.75000
425	427.15405	406.25944	14.01441	14.37424	3.75000
426	428.55519	407.69773	14.00841	14.39155	3.75000
427	429.95542	409.13783	13.99605	14.41040	3.75000
428	431.35417	410.57986	13.97905	14.43022	3.75000
429	432.75121	412.02377	13.96176	14.44810	3.75000
430	434.14671	413.46920	13.94813	14.46041	3.75000
431	435.54105	414.91548	13.93871	14.46527	3.75000
432	436.93447	416.36194	13.92966	14.46383	3.75000
433	438.32667	417.80807	13.91445	14.45883	3.75000
434	439.71674	419.25360	13.88690	14.45183	3.75000
435	441.10330	420.69831	13.84425	14.44237	3.75000
436	442.48492	422.14188	13.78831	14.42886	3.75000
437	443.86055	423.58378	13.72415	14.40930	3.75000
438	445.22963	425.02332	13.65747	14.38144	3.75000
439	446.59215	426.45955	13.59299	14.34307	3.75000
440	447.94851	427.89131	13.53408	14.29226	3.75000
441	449.29933	429.31733	13.48237	14.22817	3.75000
442	450.64531	430.73639	13.43727	14.15295	3.75000
443	451.98699	432.14768	13.39629	14.07273	3.75000
444	453.32462	433.55110	13.35642	13.99581	3.75000
445	454.65823	434.94732	13.31563	13.92845	3.75000
446	455.98765	436.33731	13.27294	13.87144	3.75000
447	457.31269	437.72191	13.22780	13.82057	3.75000
448	458.63308	439.10147	13.17988	13.77070	3.75000
449	459.94855	440.47597	13.12962	13.71919	3.75000
450	461.25894	441.84524	13.07816	13.66628	3.75000
451	462.56418	443.20922	13.02669	13.61320	3.75000
452	463.86433	444.56789	12.97624	13.56027	3.75000
453	465.15952	445.92123	12.92757	13.50647	3.75000
454	466.44993	447.26910	12.88065	13.45098	3.75000
455	467.73569	448.61137	12.83443	13.39442	3.75000
456	469.01677	449.94800	12.78719	13.33814	3.75000
457	470.29300	451.27903	12.73753	13.28260	3.75000
458	471.56414	452.60449	12.68530	13.22648	3.75000
459	472.83001	453.92419	12.63198	13.16765	3.75000
460	474.09059	455.23784	12.57975	13.10520	3.75000
461	475.34610	456.54510	12.53040	13.04003	3.75000
462	476.59685	457.84577	12.48453	12.97345	3.75000
463	477.84314	459.13975	12.44124	12.90613	3.75000
464	479.08513	460.42700	12.39857	12.83891	3.75000
465	480.32279	461.70761	12.35468	12.77323	3.75000
466	481.55595	462.98179	12.30862	12.71029	3.75000
467	482.78442	464.24983	12.26070	12.65063	3.75000
468	484.00806	465.51209	12.21213	12.59449	3.75000
469	485.22688	466.76893	12.16423	12.54234	3.75000
470	486.44097	468.02081	12.11759	12.49520	3.75000
471	487.65045	469.26831	12.07192	12.45491	3.75000
472	488.85537	470.51228	12.02664	12.42442	3.75000
473	490.05581	471.75386	11.98202	12.40715	3.75000
474	491.25193	472.99447	11.94037	12.40512	3.75000
475	492.44427	474.23559	11.90643	12.41720	3.75000
476	493.63390	475.47838	11.88631	12.43873	3.75000
477	494.82249	476.72344	11.88539	12.46250	3.75000
478	496.01207	477.97060	11.90627	12.48063	3.75000
479	497.20478	479.21896	11.94795	12.48647	3.75000
480	498.40248	480.46707	12.00594	12.47587	3.75000
481	499.60644	481.71325	12.07336	12.44770	3.75000
482	500.81726	482.95581	12.14302	12.40350	3.75000
483	502.03488	484.19332	12.20928	12.34677	3.75000
484	503.25877	485.42477	12.26847	12.28223	3.75000
485	504.48812	486.64961	12.31861	12.21451	3.75000
486	505.72199	487.86767	12.35891	12.14673	3.75000
487	506.95940	489.07903	12.38922	12.08050	3.75000
488	508.19937	490.28392	12.41011	12.01716	3.75000
489	509.44104	491.48270	12.42341	11.95856	3.75000
490	510.68382	492.67596	12.43218	11.90657	3.75000
491	511.92743	493.86441	12.43994	11.86249	3.75000
492	513.17191	495.04891	12.44967	11.82738	3.75000
493	514.41755	496.23040	12.46316	11.80250	3.75000
494	515.66476	497.40997	12.48098	11.78885	3.75000
495	516.91394	498.58874	12.50263	11.78669	3.75000
496	518.16543	499.76787	12.52713	11.79579	3.75000
497	519.41946	500.94841	12.55347	11.81516	3.75000
498	520.67616	502.13132	12.58058	11.84288	3.75000
499	521.93555	503.31733	12.60730	11.87730	3.75000
500	523.19755	504.50707	12.63262	11.91765	3.75000
501	524.46197	505.70107	12.65584	11.96234	3.75000
502	525.72858	506.89959	12.67639	12.00794	3.75000
503	526.99708	508.10252	12.69362	12.05068	3.75000
504	528.26708	509.30943	12.70634	12.08761	3.75000
505	529.53799	510.51965	12.71185	12.11675	3.75000
506	530.80892	511.73240	12.70673	12.13830	3.75000
507	532.07873	512.94708	12.68942	12.15520	3.75000
508	533.34624	514.16340	12.66082	12.17134	3.75000
509	534.61043	515.38148	12.62299	12.19012	3.75000
510	535.87049	516.60169	12.57829	12.21418	3.75000
511	537.12585	517.82470	12.52888	12.24600	3.75000
512	538.37611	519.05142	12.47620	12.28836	3.75000
513	539.62097	520.28307	12.42102	12.34468	3.75000
514	540.86023	521.52124	12.36434	12.41879	3.75000
515	542.09390	522.76783	12.30897	12.51294	3.75000
516	543.32233	524.02469	12.25970	12.62420	3.75000
517	544.54635	525.29309	12.22067	12.74385	3.75000
518	545.76704	526.57329	12.19300	12.86004	3.75000
519	546.98552	527.86429	12.17677	12.96008	3.75000
520	548.20309	529.16386	12.17447	13.03135	3.75000
521	549.42135	530.46860	12.19086	13.06330	3.75000
522	550.64237	531.77427	12.22951	13.05011	3.75000
523	551.86829	533.07645	12.28892	12.99359	3.75000
524	553.10081	534.37142	12.36135	12.90572	3.75000
525	554.34065	535.65699	12.43552	12.80574	3.75000
526	555.58741	536.93281	12.49972	12.71068	3.75000
527	556.83955	538.19966	12.54303	12.62637	3.75000
528	558.09454	539.45829	12.55680	12.54619	3.75000
529	559.34926	540.70853	12.53752	12.45847	3.75000
530	560.60052	541.94925	12.48771	12.35594	3.75000
531	561.84562	543.17910	12.41430	12.24116	3.75000
532	563.08269	544.39746	12.32714	12.12611	3.75000
533	564.31092	545.60515	12.23744	12.02758	3.75000
534	565.53054	546.80458	12.15494	11.96099	3.75000
535	566.74252	547.99939	12.08477	11.93523	3.75000
536	567.94805	549.19365	12.02577	11.95005	3.75000
537	569.14790	550.39097	11.97127	11.99628	3.75000
538	570.34205	551.59370	11.91159	12.05837	3.75000
539	571.52947	552.80256	11.83694	12.11875	3.75000
540	572.70833	554.01663	11.74029	12.16261	3.75000
541	573.87634	555.23381	11.61974	12.18098	3.75000
542	575.03132	556.45140	11.47998	12.17083	3.75000
543	576.17190	557.66661	11.33163	12.13334	3.75000
544	577.29788	558.87688	11.18788	12.07206	3.75000
545	578.41023	560.08013	11.05924	11.99308	3.75000
546	579.51064	561.27505	10.94896	11.90533	3.75000
547	580.60067	562.46127	10.85166	11.81911	3.75000
548	581.68107	563.63941	10.75623	11.74364	3.75000
549	582.75147	564.81080	10.65183	11.68412	3.75000
550	583.81069	565.97700	10.53260	11.63997	3.75000
551	584.85726	567.13931	10.39884	11.60616	3.75000
552	585.88997	568.29840	10.25533	11.57565	3.75000
553	586.90811	569.45427	10.10738	11.54168	3.75000
554	587.91139	570.60633	9.95826	11.49967	3.75000
555	588.89979	571.75364	9.80977	11.44651	3.75000
556	589.87346	572.89494	9.66364	11.37947	3.75000
557	590.83270	574.02877	9.52105	11.29709	3.75000
558	591.77782	575.15363	9.38132	11.20013	3.75000
559	592.70896	576.26821	9.24151	11.09147	3.75000
560	593.62589	577.37159	9.09708	10.97607	3.75000
561	594.52788	578.46340	8.94274	10.86016	3.75000
562	595.41375	579.54384	8.77478	10.74866	3.75000
563	596.28221	580.61338	8.59432	10.64216	3.75000
564	597.13235	581.67227	8.40852	10.53561	3.75000
565	597.96422	582.72006	8.22882	10.42012	3.75000
566	598.77902	583.75545	8.06717	10.28764	3.75000
567	599.57894	584.77657	7.93134	10.13480	3.75000
568	600.36662	585.78143	7.82226	9.96245	3.75000
569	601.14448	586.76820	7.73493	9.77291	3.75000
570	601.91427	587.73531	7.66072	9.56930	3.75000
571	602.67681	588.68162	7.59015	9.35685	3.75000
572	603.43214	589.60665	7.51652	9.14379	3.75000
573	604.17992	590.51088	7.43893	8.94079	3.75000
574	604.91996	591.39586	7.36201	8.75885	3.75000
575	605.65271	592.26411	7.29287	8.60617	3.75000
576	606.37922	593.11869	7.23741	8.48543	3.75000
577	607.10099	593.96260	7.19801	8.39285	3.75000
578	607.81953	594.79820	7.17265	8.31897	3.75000
579	608.53592	595.62672	7.15514	8.25144	3.75000
580	609.25054	596.44829	7.13745	8.18009	3.75000
581	609.96308	597.26233	7.11330	8.10067	3.75000
582	610.67274	598.06809	7.07994	8.01447	3.75000
583	611.37862	598.86511	7.03765	7.92593	3.75000
584	612.07996	599.65345	6.98914	7.84095	3.75000
585	612.77641	600.43374	6.93987	7.76483	3.75000
586	613.46828	601.20696	6.89754	7.69954	3.75000
587	614.15665	601.97404	6.86977	7.64207	3.75000
588	614.84320	602.73544	6.86121	7.58600	3.75000
589	615.52985	603.49102	6.87188	7.52548	3.75000
590	616.21832	604.24017	6.89749	7.45757	3.75000
591	616.90978	604.98216	6.93174	7.38220	3.75000
592	617.60484	605.71641	6.96932	7.30285	3.75000
593	618.30363	606.44298	7.00657	7.22866	3.75000
594	619.00598	607.16315	7.04046	7.17461	3.75000
595	619.71146	607.87970	7.06918	7.15637	3.75000
596	620.41958	608.59662	7.09319	7.18216	3.75000
597	621.12991	609.31813	7.11334	7.24793	3.75000
598	621.84198	610.04738	7.12809	7.33709	3.75000
599	622.55505	610.78542	7.13326	7.42381	3.75000
600	623.26790	611.53059	7.12376	7.47941	3.75000
601	623.97887	612.27861	7.09566	7.48100	3.75000
602	624.68607	613.02361	7.04831	7.41901	3.75000
603	625.38776	613.75956	6.98544	7.30013	3.75000
604	626.08276	614.48181	6.91460	7.14475	3.75000
605	626.77073	615.18803	6.84487	6.97965	3.75000
606	627.45214	615.87850	6.78324	6.82978	3.75000
607	628.12788	616.55562	6.73173	6.71273	3.75000
608	628.79887	617.22308	6.68807	6.63633	3.75000
609	629.46573	617.88484	6.64902	6.59900	3.75000
610	630.12880	618.54444	6.61250	6.59285	3.75000
611	630.78830	619.20451	6.57737	6.60868	3.75000
612	631.44428	619.86694	6.54224	6.63993	3.75000
613	632.09665	620.53313	6.50517	6.68370	3.75000
614	632.74515	621.20424	6.46480	6.73865	3.75000
615	633.38947	621.88128	6.42167	6.80208	3.75000
616	634.02946	622.56480	6.37805	6.86841	3.75000
617	634.66519	623.25469	6.33669	6.92923	3.75000
618	635.29700	623.94987	6.29951	6.97455	3.75000
619	635.92531	624.64839	6.26664	6.99581	3.75000
620	636.55042	625.34769	6.23561	6.99019	3.75000
621	637.17231	626.04532	6.20218	6.96239	3.75000
622	637.79064	626.73951	6.16439	6.92149	3.75000
623	638.40522	627.42934	6.12711	6.87496	3.75000
624	639.01667	628.11433	6.10193	6.82484	3.75000
625	639.62691	628.79403	6.10287	6.76916	3.75000
626	640.23911	629.46780	6.14124	6.70629	3.75000
627	640.85723	630.13503	6.22117	6.63829	3.75000
628	641.48516	630.79548	6.33730	6.57069	3.75000
629	642.12582	631.44948	6.47588	6.50942	3.75000
630	642.78058	632.09788	6.61932	6.45851	3.75000
631	643.44918	632.74179	6.75279	6.41973	3.75000
632	644.13027	633.38241	6.86902	6.39266	3.75000
633	644.82211	634.02078	6.96765	6.37462	3.75000
634	645.52303	634.65759	7.05076	6.36168	3.75000
635	646.23153	635.29318	7.11924	6.35006	3.75000
636	646.94608	635.92750	7.17181	6.33643	3.75000
637	647.66491	636.56024	7.20484	6.31835	3.75000
638	648.38581	637.19097	7.21313	6.29619	3.75000
639	649.10613	637.81944	7.19328	6.27328	3.75000
640	649.82310	638.44576	7.14619	6.25315	3.75000
641	650.53426	639.07031	7.07690	6.23787	3.75000
642	651.23780	639.69361	6.99390	6.22812	3.75000
643	651.93291	640.31607	6.90830	6.22109	3.75000
644	652.61986	640.93757	6.83079	6.20889	3.75000
645	653.29977	641.55712	6.76728	6.18207	3.75000
646	653.97395	642.17304	6.71644	6.13637	3.75000
647	654.64337	642.78366	6.67191	6.07601	3.75000
648	655.30837	643.38800	6.62809	6.01083	3.75000
649	655.96898	643.98606	6.58408	5.95024	3.75000
650	656.62533	644.57852	6.54288	5.89904	3.75000
651	657.27788	645.16631	6.50818	5.85671	3.75000
652	657.92732	645.75016	6.48072	5.82022	3.75000
653	658.57411	646.33065	6.45496	5.78962	3.75000
654	659.21779	646.90874	6.41873	5.77213	3.75000
655	659.85662	647.48632	6.35786	5.77951	3.75000
656	660.48760	648.06628	6.26180	5.81965	3.75000
657	661.10699	648.65181	6.12599	5.89098	3.75000
658	661.71091	649.24552	5.95237	5.98335	3.75000
659	662.29603	649.84876	5.74995	6.08129	3.75000
660	662.86013	650.46122	5.53217	6.16795	3.75000
661	663.40231	651.08115	5.31129	6.23078	3.75000
662	663.92259	651.70597	5.09427	6.26550	3.75000
663	664.42139	652.33302	4.88188	6.27562	3.75000
664	664.89900	652.96028	4.67020	6.26956	3.75000
665	665.35521	653.58661	4.45407	6.25690	3.75000
666	665.78946	654.21166	4.23099	6.24412	3.75000
667	666.20114	654.83539	4.00251	6.23052	3.75000
668	666.58993	655.45726	3.77328	6.20690	3.75000
669	666.95602	656.07551	3.54854	6.15801	3.75000
670	667.30002	656.68680	3.33146	6.06793	3.75000
671	667.62271	657.28647	3.12240	5.92544	3.75000
672	667.92483	657.86905	2.91993	5.72618	3.75000
673	668.20693	658.42898	2.72214	5.47241	3.75000
674	668.46943	658.96124	2.52786	5.17278	3.75000
675	668.71265	659.46195	2.33637	4.84135	3.75000
676	668.93677	659.92879	2.14610	4.49543	3.75000
677	669.14185	660.36120	1.95544	4.15281	3.75000
678	669.32790	660.76026	1.76560	3.82847	3.75000
679	669.49528	661.12828	1.58212	3.53194	3.75000
680	669.64509	661.46824	1.41401	3.26717	3.75000
681	669.77940	661.78328	1.27211	3.03361	3.75000
682	669.90135	662.07626	1.16687	2.82598	3.75000
683	670.01496	662.34920	1.10531	2.63296	3.75000
684	670.12461	662.60284	1.08786	2.43984	3.75000
685	670.23432	662.83668	1.10636	2.23695	3.75000
686	670.34689	663.04977	1.14497	2.02482	3.75000
687	670.46337	663.24163	1.18451	1.81249	3.75000
688	670.58302	663.41296	1.20848	1.61394	3.75000
689	670.70382	663.56583	1.20767	1.44347	3.75000
690	670.82326	663.70355	1.18114	1.31108	3.75000
691	670.93906	663.83013	1.13482	1.22052	3.75000
692	671.04976	663.94959	1.07924	1.16859	3.75000
693	671.15501	664.06528	1.02569	1.14523	3.75000
694	671.25541	664.17937	0.98238	1.13648	3.75000
695	671.35219	664.29263	0.95312	1.12881	3.75000
696	671.44672	664.40468	0.93740	1.11215	3.75000
697	671.54005	664.51442	0.92937	1.08272	3.75000
698	671.63244	664.62084	0.91840	1.04560	3.75000
699	671.72309	664.72379	0.89446	1.01345	3.75000
700	671.81052	664.82460	0.85431	1.00271	3.75000
701	671.89337	664.92625	0.80257	1.03029	3.75000
702	671.97090	665.03319	0.74805	1.10844	3.75000
703	672.04332	665.15057	0.70043	1.23916	3.75000
704	672.11182	665.28321	0.66951	1.41365	3.75000
705	672.17861	665.43473	0.66626	1.61691	3.75000
706	672.24696	665.60718	0.70071	1.83198	3.75000
707	672.32082	665.80085	0.77646	2.04152	3.75000
708	672.40405	666.01433	0.88818	2.22796	3.75000
709	672.49967	666.24447	1.02417	2.37498	3.75000
710	672.60943	666.48675	1.17114	2.47064	3.75000
711	672.73395	666.73576	1.31919	2.50956	3.75000
712	672.87310	666.98589	1.46394	2.49287	3.75000
713	673.02660	667.23191	1.60608	2.42771	3.75000
714	673.19441	667.46962	1.75003	2.32651	3.75000
715	673.37688	667.69621	1.89944	2.20510	3.75000
716	673.57445	667.91049	2.05191	2.08058	3.75000
717	673.78705	668.11297	2.20006	1.96905	3.75000
718	674.01389	668.30554	2.33665	1.88238	3.75000
719	674.25360	668.49096	2.45763	1.82594	3.75000
720	674.50465	668.67221	2.56344	1.79908	3.75000
721	674.76576	668.85201	2.65873	1.79699	3.75000
722	675.03617	669.03249	2.74944	1.81262	3.75000
723	675.31558	669.21507	2.83876	1.83900	3.75000
724	675.60378	669.40056	2.92525	1.87077	3.75000
725	675.90024	669.58934	3.00397	1.90469	3.75000
726	676.20389	669.78152	3.06910	1.93910	3.75000
727	676.51313	669.97715	3.11562	1.97335	3.75000
728	676.82588	670.17619	3.13947	2.00756	3.75000
729	677.13976	670.37867	3.13796	2.04204	3.75000
730	677.45220	670.58461	3.11084	2.07675	3.75000
731	677.76078	670.79402	3.06092	2.11138	3.75000
732	678.06350	671.00686	2.99344	2.14543	3.75000
733	678.35891	671.22304	2.91466	2.17816	3.75000
734	678.64620	671.44239	2.83118	2.20899	3.75000
735	678.92524	671.66473	2.74962	2.23776	3.75000
736	679.19650	671.88984	2.67551	2.26448	3.75000
737	679.46089	672.11754	2.61242	2.28939	3.75000
738	679.71963	672.34765	2.56230	2.31288	3.75000
739	679.97405	672.58006	2.52606	2.33525	3.75000
740	680.22550	672.81464	2.50292	2.35649	3.75000
741	680.47506	673.05129	2.48829	2.37639	3.75000
742	680.72313	673.28988	2.47320	2.39546	3.75000
743	680.96916	673.53040	2.44741	2.41491	3.75000
744	681.21168	673.77295	2.40302	2.43608	3.75000
745	681.44867	674.01777	2.33666	2.46026	3.75000
746	681.67802	674.26521	2.25032	2.48855	3.75000
747	681.89805	674.51567	2.15030	2.52078	3.75000
748	682.10782	674.76941	2.04524	2.55406	3.75000
749	682.30731	675.02620	1.94458	2.58164	3.75000
750	682.49741	675.28499	1.85741	2.59416	3.75000
751	682.67985	675.54387	1.79123	2.58350	3.75000
752	682.85691	675.80035	1.75006	2.54600	3.75000
753	683.03099	676.05176	1.73145	2.48235	3.75000
754	683.20380	676.29571	1.72486	2.39657	3.75000
755	683.37579	676.53035	1.71486	2.29628	3.75000
756	683.54589	676.75477	1.68721	2.19215	3.75000
757	683.71190	676.96912	1.63299	2.09476	3.75000
758	683.87102	677.17443	1.54931	2.01151	3.75000
759	684.02039	677.37228	1.43810	1.94544	3.75000
760	684.15757	677.56433	1.30549	1.89550	3.75000
761	684.28094	677.75200	1.16203	1.85806	3.75000
762	684.39013	677.93632	1.02180	1.82834	3.75000
763	684.48624	678.11782	0.90021	1.80166	3.75000
764	684.57177	678.29660	0.81041	1.77378	3.75000
765	684.65023	678.47234	0.75889	1.74114	3.75000
766	684.72535	678.64450	0.74351	1.70204	3.75000
767	684.80032	678.81247	0.75579	1.65734	3.75000
768	684.87732	678.97585	0.78433	1.61019	3.75000
769	684.95741	679.13461	0.81745	1.56513	3.75000
770	685.04054	679.28919	0.84513	1.52635	3.75000
771	685.12584	679.44028	0.86082	1.49544	3.75000
772	685.21200	679.58862	0.86246	1.47140	3.75000
773	685.29772	679.73485	0.85195	1.45329	3.75000
774	685.38201	679.87957	0.83372	1.44104	3.75000
775	685.46436	680.02328	0.81325	1.43322	3.75000
776	685.54483	680.16628	0.79614	1.42673	3.75000
777	685.62403	680.30855	0.78790	1.41860	3.75000
778	685.70311	680.44981	0.79385	1.40662	3.75000
779	685.78377	680.58962	0.81918	1.38964	3.75000
780	685.86817	680.72754	0.86891	1.36879	3.75000
781	685.95895	680.86336	0.94667	1.34767	3.75000
782	686.05895	680.99726	1.05335	1.33021	3.75000
783	686.17098	681.12970	1.18715	1.31868	3.75000
784	686.29758	681.26133	1.34499	1.31382	3.75000
785	686.44104	681.39280	1.52407	1.31557	3.75000
786	686.60336	681.52472	1.72233	1.32293	3.75000
787	686.78636	681.65756	1.93773	1.33386	3.75000
788	686.99163	681.79158	2.16776	1.34650	3.75000
789	687.22050	681.92695	2.40960	1.36100	3.75000
790	687.47403	682.06406	2.66093	1.38116	3.75000
791	687.75309	682.20386	2.92044	1.41479	3.75000
792	688.05844	682.34816	3.18654	1.47111	3.75000
793	688.39052	682.49953	3.45499	1.55646	3.75000
794	688.74912	682.66093	3.71711	1.67140	3.75000
795	689.13297	682.83505	3.95986	1.81110	3.75000
796	689.53938	683.02402	4.16832	1.96824	3.75000
797	689.96428	683.22922	4.32970	2.13571	3.75000
798	690.40264	683.45140	4.43737	2.30806	3.75000
799	690.84917	683.69090	4.49331	2.48181	3.75000
800	691.29919	683.94772	4.50713	2.65468	3.75000
801	691.74914	684.22169	4.49171	2.82463	3.75000
802	692.19673	684.51238	4.46021	2.98917	3.75000
803	692.64102	684.81907	4.42566	3.14476	3.75000
804	693.08228	685.14068	4.39946	3.28743	3.75000
805	693.52169	685.47582	4.38873	3.41531	3.75000
806	693.96088	685.82310	4.39510	3.53035	3.75000
807	694.40141	686.18150	4.41549	3.63749	3.75000
808	694.84443	686.55049	4.44496	3.74238	3.75000
809	695.29067	686.93009	4.47972	3.84957	3.75000
810	695.74054	687.32066	4.51779	3.96196	3.75000
811	696.19431	687.72278	4.55766	4.08045	3.75000
812	696.65206	688.13700	4.59729	4.20380	3.75000
813	697.11362	688.56364	4.63384	4.32906	3.75000
814	697.57846	689.00269	4.66290	4.45199	3.75000
815	698.04551	689.45364	4.67814	4.56698	3.75000
816	698.51310	689.91535	4.67381	4.66724	3.75000
817	698.97924	690.38602	4.64885	4.74619	3.75000
818	699.44209	690.86331	4.60813	4.79952	3.75000
819	699.90048	691.34462	4.55968	4.82680	3.75000
820	700.35401	691.82756	4.51109	4.83190	3.75000
821	700.80297	692.31025	4.46799	4.82200	3.75000
822	701.24806	692.79162	4.43385	4.80528	3.75000
823	701.69022	693.27131	4.40937	4.78864	3.75000
824	702.13032	693.74957	4.39254	4.77647	3.75000
825	702.56896	694.22689	4.38025	4.76996	3.75000
826	703.00652	694.70376	4.37109	4.76748	3.75000
827	703.44343	695.18044	4.36713	4.76595	3.75000
828	703.88038	695.65685	4.37183	4.76237	3.75000
829	704.31823	696.13275	4.38517	4.75560	3.75000
830	704.75759	696.60789	4.40188	4.74728	3.75000
831	705.19840	697.08227	4.41439	4.74021	3.75000
832	705.63998	697.55610	4.41716	4.73647	3.75000
833	706.08131	698.02974	4.40944	4.73638	3.75000
834	706.52151	698.50347	4.39466	4.73807	3.75000
835	706.96016	698.97731	4.37832	4.73884	3.75000
836	707.39740	699.45111	4.36643	4.73705	3.75000
837	707.83388	699.92459	4.36312	4.73254	3.75000
838	708.27038	700.39748	4.36698	4.72534	3.75000
839	708.70723	700.86946	4.37009	4.71424	3.75000
840	709.14384	701.33999	4.36204	4.69640	3.75000
841	709.57866	701.80822	4.33443	4.66818	3.75000
842	710.00951	702.27302	4.28259	4.62777	3.75000
843	710.43396	702.73331	4.20641	4.57814	3.75000
844	710.84992	703.18854	4.11267	4.52639	3.75000
845	711.25633	703.63881	4.01563	4.47906	3.75000
846	711.65372	704.08463	3.93207	4.43730	3.75000
847	712.04394	704.52631	3.87243	4.39632	3.75000
848	712.42926	704.96363	3.83393	4.35015	3.75000
849	712.81103	705.39604	3.80150	4.29799	3.75000
850	713.18893	705.82320	3.75642	4.24528	3.75000
851	713.56103	706.24541	3.68565	4.19879	3.75000
852	713.92465	706.66345	3.58676	4.16198	3.75000
853	714.27746	707.07826	3.46931	4.13419	3.75000
854	714.61853	707.49059	3.35206	4.11243	3.75000
855	714.94896	707.90090	3.25655	4.09375	3.75000
856	715.27185	708.30942	3.20127	4.07665	3.75000
857	715.59184	708.71625	3.19853	4.06010	3.75000
858	715.91440	709.12138	3.25280	4.04241	3.75000
859	716.24506	709.52463	3.36034	4.02257	3.75000
860	716.58869	709.92585	3.51226	4.00188	3.75000
861	716.94925	710.32506	3.69895	3.98241	3.75000
862	717.32971	710.72246	3.91018	3.96546	3.75000
863	717.73186	711.11837	4.13296	3.95284	3.75000
864	718.15617	711.51333	4.35312	3.94634	3.75000
865	718.60167	711.90787	4.55691	3.94452	3.75000
866	719.06596	712.30226	4.72896	3.94311	3.75000
867	719.54505	712.69641	4.85280	3.93990	3.75000
868	720.03354	713.09029	4.91690	3.93769	3.75000
869	720.52540	713.48432	4.92031	3.94299	3.75000
870	721.01513	713.87962	4.87441	3.96295	3.75000
871	721.49894	714.27788	4.80167	4.00226	3.75000
872	721.97554	714.68106	4.73043	4.06138	3.75000
873	722.44639	715.09096	4.68650	4.13668	3.75000
874	722.91503	715.50890	4.68625	4.22210	3.75000
875	723.38606	715.93558	4.73442	4.31145	3.75000
876	723.86407	716.37117	4.82584	4.40026	3.75000
877	724.35280	716.81551	4.94878	4.48665	3.75000
878	724.85469	717.26841	5.08893	4.57134	3.75000
879	725.37081	717.72983	5.23347	4.65706	3.75000
880	725.90116	718.20004	5.37362	4.74707	3.75000
881	726.44511	718.67954	5.50523	4.84303	3.75000
882	727.00178	719.16885	5.62818	4.94322	3.75000
883	727.57046	719.66812	5.74544	5.04210	3.75000
884	728.15079	720.17682	5.86130	5.13199	3.75000
885	728.74280	720.69378	5.97876	5.20713	3.75000
886	729.34656	721.21751	6.09651	5.26739	3.75000
887	729.96175	721.74680	6.20717	5.31843	3.75000
888	730.58706	722.28117	6.29909	5.36901	3.75000
889	731.22012	722.82101	6.36219	5.42775	3.75000
890	731.85791	723.36743	6.39365	5.50062	3.75000
891	732.49751	723.92195	6.39834	5.58986	3.75000
892	733.13668	724.48615	6.38499	5.69409	3.75000
893	733.77404	725.06129	6.36220	5.80881	3.75000
894	734.40897	725.64810	6.33641	5.92722	3.75000
895	735.04140	726.24653	6.31222	6.04150	3.75000
896	735.67170	726.85582	6.29375	6.14424	3.75000
897	736.30061	727.47448	6.28441	6.22893	3.75000
898	736.92908	728.10043	6.28499	6.29019	3.75000
899	737.55795	728.73118	6.29242	6.32467	3.75000
900	738.18761	729.36404	6.30072	6.33257	3.75000
901	738.81785	729.99662	6.30410	6.31904	3.75000
902	739.44807	730.62724	6.30045	6.29340	3.75000
903	740.07770	731.25518	6.29205	6.26537	3.75000
904	740.70645	731.88054	6.28306	6.24178	3.75000
905	741.33444	732.50388	6.27661	6.22515	3.75000
906	741.96190	733.12585	6.27255	6.21424	3.75000
907	742.58890	733.74690	6.26744	6.20665	3.75000
908	743.21513	734.36730	6.25718	6.20135	3.75000
909	743.83990	734.98735	6.23830	6.19966	3.75000
910	744.46221	735.60757	6.20781	6.20480	3.75000
911	745.08081	736.22880	6.16428	6.21968	3.75000
912	745.69451	736.85201	6.10965	6.24453	3.75000
913	746.30247	737.47804	6.04972	6.27621	3.75000
914	746.90459	738.10729	5.99270	6.30877	3.75000
915	747.50154	738.73950	5.94611	6.33537	3.75000
916	748.09451	739.37382	5.91332	6.35115	3.75000
917	748.68480	740.00914	5.89250	6.35514	3.75000
918	749.27337	740.64438	5.87888	6.34969	3.75000
919	749.86072	741.27881	5.86818	6.33896	3.75000
920	750.44709	741.91213	5.85921	6.32734	3.75000
921	751.03277	742.54437	5.85446	6.31755	3.75000
922	751.61843	743.17574	5.85857	6.30977	3.75000
923	752.20514	743.80637	5.87570	6.30289	3.75000
924	752.79432	744.43634	5.90787	6.29640	3.75000
925	753.38745	745.06572	5.95481	6.29130	3.75000
926	753.98592	745.69474	6.01451	6.28907	3.75000
927	754.59082	746.32370	6.08351	6.29020	3.75000
928	755.20288	746.95289	6.15777	6.29354	3.75000
929	755.82247	747.58238	6.23390	6.29636	3.75000
930	756.44964	748.21197	6.30955	6.29528	3.75000
931	757.08426	748.84114	6.38285	6.28827	3.75000
932	757.72601	749.46934	6.45217	6.27575	3.75000
933	758.37444	750.09614	6.51653	6.26023	3.75000
934	759.02908	750.72143	6.57619	6.24542	3.75000
935	759.68951	751.34546	6.63247	6.23523	3.75000
936	760.35548	751.96885	6.68681	6.23260	3.75000
937	761.02683	752.59243	6.74021	6.23896	3.75000
938	761.70352	753.21709	6.79368	6.25430	3.75000
939	762.38562	753.84369	6.84832	6.27769	3.75000
940	763.07328	754.47296	6.90478	6.30769	3.75000
941	763.76664	755.10546	6.96250	6.34241	3.75000
942	764.46577	755.74158	7.02005	6.37991	3.75000
943	765.17058	756.38152	7.07626	6.41892	3.75000
944	765.88094	757.02543	7.13089	6.45934	3.75000
945	766.59670	757.67350	7.18428	6.50191	3.75000
946	767.31779	758.32598	7.23747	6.54768	3.75000
947	768.04433	758.98321	7.29335	6.59704	3.75000
948	768.77686	759.64553	7.35723	6.64936	3.75000
949	769.51649	760.31317	7.43533	6.70344	3.75000
950	770.26482	760.98624	7.53145	6.75794	3.75000
951	771.02360	761.66473	7.64413	6.81187	3.75000
952	771.79412	762.34858	7.76620	6.86520	3.75000
953	772.57678	763.03779	7.88694	6.91899	3.75000
954	773.37091	763.73245	7.99564	6.97420	3.75000
955	774.17493	764.43268	8.08492	7.03035	3.75000
956	774.98680	765.13848	8.15247	7.08570	3.75000
957	775.80445	765.84967	8.20054	7.13793	3.75000
958	776.62617	766.56580	8.23378	7.18468	3.75000
959	777.45075	767.28626	8.25779	7.22461	3.75000
960	778.27758	768.01039	8.27882	7.25807	3.75000
961	779.10669	768.73760	8.30332	7.28613	3.75000
962	779.93866	769.46739	8.33625	7.30948	3.75000
963	780.77446	770.19926	8.37974	7.32812	3.75000
964	781.61512	770.93273	8.43331	7.34126	3.75000
965	782.46149	771.66718	8.49426	7.34773	3.75000
966	783.31412	772.40192	8.55821	7.34707	3.75000
967	784.17304	773.13632	8.62021	7.34089	3.75000
968	785.03788	773.87005	8.67668	7.33377	3.75000
969	785.90806	774.60333	8.72689	7.33185	3.75000
970	786.78304	775.33687	8.77272	7.33894	3.75000
971	787.66252	776.07153	8.81673	7.35424	3.75000
972	788.54637	776.80794	8.86035	7.37397	3.75000
973	789.43458	777.54641	8.90390	7.39526	3.75000
974	790.32719	778.28708	8.94831	7.41817	3.75000
975	791.22441	779.03020	8.99597	7.44432	3.75000
976	792.12665	779.77616	9.04899	7.47481	3.75000
977	793.03446	780.52540	9.10704	7.51005	3.75000
978	793.94819	781.27839	9.16771	7.54983	3.75000
979	794.86801	782.03553	9.22869	7.59288	3.75000
980	795.79389	782.79704	9.28883	7.63735	3.75000
981	796.72573	783.56304	9.34807	7.68259	3.75000
982	797.66349	784.33366	9.40699	7.72989	3.75000
983	798.60713	785.10920	9.46591	7.78086	3.75000
984	799.55657	785.89003	9.52293	7.83568	3.75000
985	800.51138	786.67647	9.57317	7.89324	3.75000
986	801.47055	787.46875	9.61021	7.95233	3.75000
987	802.43251	788.26696	9.62902	8.01178	3.75000
988	803.39537	789.07107	9.62821	8.07044	3.75000
989	804.35735	789.88097	9.61138	8.12763	3.75000
990	805.31726	790.69653	9.58674	8.18349	3.75000
991	806.27478	791.51763	9.56379	8.23849	3.75000
992	807.23040	792.34419	9.54856	8.29283	3.75000
993	808.18487	793.17616	9.54086	8.34647	3.75000
994	809.13869	794.01345	9.53560	8.39929	3.75000
995	810.09181	794.85593	9.52665	8.45039	3.75000
996	811.04362	795.70333	9.50951	8.49759	3.75000
997	811.99317	796.55516	9.48154	8.53903	3.75000
998	812.93935	797.41089	9.44202	8.57555	3.75000
999	813.88113	798.27017	9.39363	8.61012	3.75000
1000	814.81794	799.13295	9.34262	8.64554	3.75000
1001	815.74991	799.99940	9.29671	8.68339	3.75000
1002	816.67781	800.86976	9.26125	8.72374	3.75000
1003	817.60268	801.74422	9.23629	8.76546	3.75000
1004	818.52533	802.62285	9.21655	8.80724	3.75000
1005	819.44587	803.50564	9.19434	8.84846	3.75000
1006	820.36376	804.39254	9.16354	8.88955	3.75000
1007	821.27808	805.28359	9.12274	8.93142	3.75000
1008	822.18797	806.17882	9.07502	8.97319	3.75000
1009	823.09294	807.07797	9.02440	9.00993	3.75000
1010	823.99282	807.98012	8.97334	9.03293	3.75000
1011	824.88765	808.88347	8.92319	9.03421	3.75000
1012	825.77758	809.78579	8.87534	9.01204	3.75000
1013	826.66285	810.68499	8.83018	8.97195	3.75000
1014	827.54362	811.57975	8.78513	8.92336	3.75000
1015	828.41961	812.46972	8.73465	8.87596	3.75000
1016	829.28997	813.35542	8.67253	8.83814	3.75000
1017	830.15334	814.23813	8.59499	8.81601	3.75000
1018	831.00820	815.11954	8.50224	8.81220	3.75000
1019	831.85322	816.00139	8.39817	8.82475	3.75000
1020	832.68756	816.88499	8.28849	8.84736	3.75000
1021	833.51090	817.77093	8.17841	8.87144	3.75000
1022	834.32339	818.65894	8.07129	8.88871	3.75000
1023	835.12538	819.54802	7.96859	8.89298	3.75000
1024	835.91736	820.43674	7.87096	8.88133	3.75000
1025	836.69986	821.32352	7.77904	8.85425	3.75000
1026	837.47350	822.20697	7.69380	8.81483	3.75000
1027	838.23903	823.08610	7.61689	8.76770	3.75000
1028	838.99741	823.96041	7.55056	8.71842	3.75000
1029	839.74977	824.83000	7.49669	8.67346	3.75000
1030	840.49738	825.69565	7.45553	8.63959	3.75000
1031	841.24140	826.55866	7.42494	8.62066	3.75000
1032	841.98267	827.42044	7.40029	8.61483	3.75000
1033	842.72147	828.28197	7.37577	8.61575	3.75000
1034	843.45759	829.14357	7.34666	8.61622	3.75000
1035	844.19048	830.00494	7.31116	8.61122	3.75000
1036	844.91958	830.86541	7.27073	8.59831	3.75000
1037	845.64459	831.72412	7.22951	8.57589	3.75000
1038	846.36572	832.58001	7.19312	8.54172	3.75000
1039	847.08374	833.43182	7.16729	8.49462	3.75000
1040	847.79994	834.27837	7.15668	8.43630	3.75000
1041	848.51597	835.11868	7.16393	8.36994	3.75000
1042	849.23363	835.95205	7.18924	8.29745	3.75000
1043	849.95461	836.77786	7.23034	8.21874	3.75000
1044	850.68024	837.59547	7.28234	8.13352	3.75000
1045	851.41128	838.40436	7.33840	8.04428	3.75000
1046	852.14779	839.20447	7.39193	7.95795	3.75000
1047	852.88935	839.99656	7.43925	7.88375	3.75000
1048	853.63535	840.78213	7.48064	7.82767	3.75000
1049	854.38533	841.56294	7.51901	7.78857	3.75000
1050	855.13916	842.34033	7.55761	7.75911	3.75000
1051	855.89695	843.11485	7.59815	7.73134	3.75000
1052	856.65886	843.88653	7.64009	7.70233	3.75000
1053	857.42495	844.65538	7.68171	7.67458	3.75000
1054	858.19511	845.42170	7.72150	7.65189	3.75000
1055	858.96912	846.18609	7.75872	7.63590	3.75000
1056	859.74673	846.94917	7.79346	7.62569	3.75000
1057	860.52776	847.71141	7.82705	7.61904	3.75000
1058	861.31218	848.47302	7.86133	7.61326	3.75000
1059	862.10009	849.23395	7.89692	7.60534	3.75000
1060	862.89156	849.99381	7.93257	7.59174	3.75000
1061	863.68649	850.75188	7.96594	7.56976	3.75000
1062	864.48454	851.50739	7.99508	7.54048	3.75000
1063	865.28529	852.25989	8.02002	7.50947	3.75000
1064	866.08846	853.00956	8.04322	7.48390	3.75000
1065	866.89403	853.75722	8.06833	7.46924	3.75000
1066	867.70236	854.50404	8.09825	7.46732	3.75000
1067	868.51392	855.25121	8.13298	7.47603	3.75000
1068	869.32900	855.99954	8.16847	7.49055	3.75000
1069	870.14733	856.74934	8.19818	7.50536	3.75000
1070	870.96812	857.50042	8.21765	7.51631	3.75000
1071	871.79045	858.25230	8.22904	7.52123	3.75000
1072	872.61394	859.00433	8.24071	7.51946	3.75000
1073	873.43903	859.75586	8.26108	7.51119	3.75000
1074	874.26669	860.50629	8.29216	7.49738	3.75000
1075	875.09775	861.25518	8.32894	7.48037	3.75000
1076	875.93244	862.00244	8.36494	7.46484	3.75000
1077	876.77059	862.74855	8.39804	7.45732	3.75000
1078	877.61206	863.49460	8.43129	7.46372	3.75000
1079	878.45706	864.24217	8.46871	7.48764	3.75000
1080	879.30607	864.99308	8.51151	7.53052	3.75000
1081	880.15953	865.74917	8.55766	7.59146	3.75000
1082	881.01758	866.51206	8.60335	7.66626	3.75000
1083	881.87998	867.28274	8.64475	7.74735	3.75000
1084	882.74621	868.06136	8.67983	7.82501	3.75000
1085	883.61566	868.84709	8.70916	7.88961	3.75000
1086	884.48791	869.63831	8.73586	7.93475	3.75000
1087	885.36292	870.43302	8.76420	7.95960	3.75000
1088	886.24100	871.22944	8.79753	7.96875	3.75000
1089	887.12270	872.02639	8.83639	7.97014	3.75000
1090	888.00844	872.82350	8.87840	7.97214	3.75000
1091	888.89837	873.62115	8.92022	7.98078	3.75000
1092	889.79236	874.42009	8.95963	7.99814	3.75000
1093	890.69011	875.22121	8.99534	8.02418	3.75000
1094	891.59116	876.02544	9.02567	8.06054	3.75000
1095	892.49492	876.83402	9.04949	8.11090	3.75000
1096	893.40082	877.64841	9.06861	8.17699	3.75000
1097	894.30863	878.47006	9.08748	8.25602	3.75000
1098	895.21848	879.29995	9.10957	8.34171	3.75000
1099	896.13065	880.13837	9.13372	8.42676	3.75000
1100	897.04505	880.98497	9.15436	8.50516	3.75000
1101	897.96102	881.83891	9.16508	8.57373	3.75000
1102	898.87739	882.69922	9.16228	8.63238	3.75000
1103	899.79281	883.56500	9.14614	8.68325	3.75000
1104	900.70610	884.43559	9.11963	8.72855	3.75000
1105	901.61639	885.31047	9.08614	8.76898	3.75000
1106	902.52308	886.18915	9.04768	8.80470	3.75000
1107	903.42572	887.07122	9.00524	8.83667	3.75000
1108	904.32401	887.95635	8.96045	8.86600	3.75000
1109	905.21783	888.84431	8.91595	8.89319	3.75000
1110	906.10732	889.73491	8.87385	8.91880	3.75000
1111	906.99272	890.62806	8.83412	8.94423	3.75000
1112	907.87414	891.52382	8.79439	8.97093	3.75000
1113	908.75144	892.42229	8.75164	8.99845	3.75000
1114	909.62421	893.32343	8.70379	9.02442	3.75000
1115	910.49190	894.22697	8.64996	9.04643	3.75000
1116	911.35388	895.13244	8.58952	9.06297	3.75000
1117	912.20942	896.03924	8.52132	9.07302	3.75000
1118	913.05770	896.94667	8.44439	9.07557	3.75000
1119	913.89790	897.85391	8.35947	9.06926	3.75000
1120	914.72938	898.76004	8.27014	9.05321	3.75000
1121	915.55201	899.66412	8.18242	9.02842	3.75000
1122	916.36628	900.56541	8.10304	8.99743	3.75000
1123	917.17328	901.46338	8.03700	8.96197	3.75000
1124	917.97441	902.35755	7.98567	8.92136	3.75000
1125	918.77104	903.24728	7.94680	8.87333	3.75000
1126	919.56420	904.13175	7.91639	8.81594	3.75000
1127	920.35458	905.00998	7.89121	8.74881	3.75000
1128	921.14269	905.88108	7.87098	8.67316	3.75000
1129	921.92918	906.74434	7.85878	8.59194	3.75000
1130	922.71504	907.59942	7.85852	8.50966	3.75000
1131	923.50152	908.44646	7.87110	8.43108	3.75000
1132	924.28975	909.28602	7.89353	8.36013	3.75000
1133	925.08052	910.11903	7.92191	8.30017	3.75000
1134	925.87439	910.94670	7.95541	8.25325	3.75000
1135	926.67201	911.77026	7.99702	8.21790	3.75000
1136	927.47439	912.59064	8.05053	8.18974	3.75000
1137	928.28276	913.40838	8.11681	8.16502	3.75000
1138	929.09822	914.22375	8.19240	8.14242	3.75000
1139	929.92136	915.03696	8.27055	8.12175	3.75000
1140	930.75207	915.84817	8.34366	8.10244	3.75000
1141	931.58955	916.65745	8.40595	8.08313	3.75000
1142	932.43263	917.46472	8.45554	8.06224	3.75000
1143	933.28015	918.26977	8.49484	8.03872	3.75000
1144	934.13131	919.07233	8.52838	8.01259	3.75000
1145	934.98572	919.87226	8.55979	7.98608	3.75000
1146	935.84323	920.66976	8.59043	7.96385	3.75000
1147	936.70374	921.46549	8.61988	7.95065	3.75000
1148	937.56708	922.26044	8.64675	7.94843	3.75000
1149	938.43288	923.05562	8.66933	7.95516	3.75000
1150	939.30066	923.85164	8.68630	7.96516	3.75000
1151	940.16986	924.64841	8.69772	7.97041	3.75000
1152	941.04003	925.44514	8.70567	7.96409	3.75000
1153	941.91102	926.24060	8.71401	7.94520	3.75000
1154	942.78305	927.03387	8.72673	7.92011	3.75000
1155	943.65665	927.82484	8.74518	7.89934	3.75000
1156	944.53225	928.61445	8.76680	7.89274	3.75000
1157	945.40994	929.40439	8.78698	7.90621	3.75000
1158	946.28945	930.19676	8.80333	7.94109	3.75000
1159	947.17049	930.99356	8.81752	7.99493	3.75000
1160	948.05300	931.79643	8.83253	8.06259	3.75000
1161	948.93711	932.60646	8.84982	8.13799	3.75000
1162	949.82307	933.42414	8.86929	8.21561	3.75000
1163	950.71103	934.24945	8.88997	8.29053	3.75000
1164	951.60105	935.08191	8.91030	8.35858	3.75000
1165	952.49303	935.92068	8.92928	8.41698	3.75000
1166	953.38689	936.76476	8.94795	8.46447	3.75000
1167	954.28270	937.61304	8.96837	8.50123	3.75000
1168	955.18064	938.46457	8.99040	8.52925	3.75000
1169	956.08070	939.31866	9.01077	8.55266	3.75000
1170	956.98254	940.17518	9.02599	8.57776	3.75000
1171	957.88559	941.03467	9.03504	8.61203	3.75000
1172	958.78933	941.89833	9.03970	8.66105	3.75000
1173	959.69353	942.76763	9.04443	8.72494	3.75000
1174	960.59850	943.64382	9.05491	8.79893	3.75000
1175	961.50493	944.52764	9.07374	8.87755	3.75000
1176	962.41354	945.41937	9.09839	8.95694	3.75000
1177	963.32467	946.31888	9.12413	9.03338	3.75000
1178	964.23822	947.22567	9.14698	9.10226	3.75000
1179	965.15381	948.13876	9.16469	9.15970	3.75000
1180	966.07088	949.05696	9.17684	9.20433	3.75000
1181	966.98892	949.97910	9.18397	9.23830	3.75000
1182	967.90747	950.90440	9.18697	9.26783	3.75000
1183	968.82617	951.83278	9.18706	9.29977	3.75000
1184	969.74479	952.76458	9.18525	9.33619	3.75000
1185	970.66310	953.70002	9.18101	9.37249	3.75000
1186	971.58071	954.63860	9.17113	9.39912	3.75000
1187	972.49677	955.57878	9.15017	9.40465	3.75000
1188	973.40994	956.51802	9.11329	9.38003	3.75000
1189	974.31863	957.45322	9.06050	9.32394	3.75000
1190	975.22161	958.38171	8.99903	9.24588	3.75000
1191	976.11862	959.30215	8.94121	9.16307	3.75000
1192	977.01065	960.21491	8.89942	9.09212	3.75000
1193	977.89972	961.12158	8.88199	9.04112	3.75000
1194	978.78839	962.02405	8.89136	9.00826	3.75000
1195	979.67914	962.92381	8.92351	8.98703	3.75000
1196	980.57370	963.82174	8.96785	8.97153	3.75000
1197	981.47251	964.71817	9.00828	8.95709	3.75000
1198	982.37426	965.61293	9.02663	8.93812	3.75000
1199	983.27601	966.50527	9.00838	8.90873	3.75000
1200	984.17385	967.39404	8.94850	8.86659	3.75000
1201	985.06404	968.27809	8.85528	8.81435	3.75000
1202	985.94428	969.15659	8.74945	8.75581	3.75000
1203	986.81467	970.02902	8.65846	8.69273	3.75000
1204	987.67800	970.89496	8.60801	8.62605	3.75000
1205	988.53905	971.75418	8.61313	8.55839	3.75000
1206	989.40332	972.60682	8.67209	8.49441	3.75000
1207	990.27524	973.45346	8.76649	8.43831	3.75000
1208	991.15697	974.29495	8.86806	8.39150	3.75000
1209	992.04784	975.13215	8.94935	8.35249	3.75000
1210	992.94493	975.96567	8.99248	8.31799	3.75000
1211	993.84418	976.79579	8.99254	8.28437	3.75000
1212	994.74161	977.62245	8.95588	8.24892	3.75000
1213	995.63417	978.44542	8.89542	8.21047	3.75000
1214	996.52021	979.26443	8.82542	8.16974	3.75000
1215	997.39933	980.07938	8.75692	8.12916	3.75000
1216	998.27189	980.89046	8.69425	8.09249	3.75000
1217	999.13832	981.69833	8.63439	8.06489	3.75000
1218	999.99857	982.50416	8.57067	8.05175	3.75000
1219	1000.85195	983.30950	8.49682	8.05491	3.75000
1220	1001.69724	984.11572	8.40910	8.06959	3.75000
1221	1002.53305	984.92349	8.30700	8.08583	3.75000
1222	1003.35803	985.73248	8.19259	8.09387	3.75000
1223	1004.17110	986.54164	8.06891	8.08936	3.75000
1224	1004.97148	987.34983	7.93868	8.07452	3.75000
1225	1005.75860	988.15635	7.80372	8.05591	3.75000
1226	1006.53205	988.96121	7.66519	8.04122	3.75000
1227	1007.29150	989.76508	7.52382	8.03622	3.75000
1228	1008.03665	990.56903	7.37913	8.04280	3.75000
1229	1008.76708	991.37412	7.22952	8.05898	3.75000
1230	1009.48226	992.18111	7.07405	8.08071	3.75000
1231	1010.18163	992.99029	6.91348	8.10299	3.75000
1232	1010.86474	993.80140	6.74861	8.11921	3.75000
1233	1011.53109	994.61344	6.57835	8.12151	3.75000
1234	1012.18004	995.42464	6.40077	8.10262	3.75000
1235	1012.81085	996.23263	6.21543	8.05707	3.75000
1236	1013.42285	997.03457	6.02444	7.98168	3.75000
1237	1014.01567	997.82746	5.83197	7.87611	3.75000
1238	1014.58943	998.60843	5.64336	7.74345	3.75000
1239	1015.14481	999.37511	5.46420	7.59003	3.75000
1240	1015.68300	1000.12577	5.29966	7.42320	3.75000
1241	1016.20572	1000.85937	5.15460	7.24891	3.75000
1242	1016.71513	1001.57539	5.03367	7.07130	3.75000
1243	1017.21380	1002.27368	4.93964	6.89453	3.75000
1244	1017.70432	1002.95466	4.87086	6.72508	3.75000
1245	1018.18890	1003.61949	4.82076	6.57161	3.75000
1246	1018.66895	1004.27016	4.78018	6.44167	3.75000
1247	1019.14500	1004.90913	4.74094	6.33778	3.75000
1248	1019.61699	1005.53884	4.69872	6.25638	3.75000
1249	1020.08464	1006.16119	4.65432	6.19078	3.75000
1250	1020.54797	1006.77748	4.61238	6.13503	3.75000
1251	1021.00750	1007.38847	4.57823	6.08476	3.75000
1252	1021.46417	1007.99447	4.55506	6.03514	3.75000
1253	1021.91907	1008.59525	4.54293	5.98049	3.75000
1254	1022.37318	1009.19013	4.53931	5.91702	3.75000
1255	1022.82716	1009.77823	4.54023	5.84513	3.75000
1256	1023.28124	1010.35893	4.54142	5.76891	3.75000
1257	1023.73527	1010.93208	4.53923	5.69391	3.75000
1258	1024.18879	1011.49803	4.53119	5.62516	3.75000
1259	1024.64118	1012.05761	4.51653	5.56638	3.75000
1260	1025.09182	1012.61191	4.49637	5.51962	3.75000
1261	1025.54029	1013.16214	4.47303	5.48509	3.75000
1262	1025.98641	1013.70945	4.44925	5.46112	3.75000
1263	1026.43027	1014.25472	4.42799	5.44432	3.75000
1264	1026.87225	1014.79846	4.41165	5.43035	3.75000
1265	1027.31285	1015.34078	4.40039	5.41605	3.75000
1266	1027.75245	1015.88162	4.39145	5.40086	3.75000
1267	1028.19104	1016.42098	4.38041	5.38637	3.75000
1268	1028.62822	1016.95902	4.36329	5.37440	3.75000
1269	1029.06328	1017.49600	4.33793	5.36518	3.75000
1270	1029.49540	1018.03211	4.30434	5.35698	3.75000
1271	1029.92384	1018.56730	4.26447	5.34683	3.75000
1272	1030.34815	1019.10122	4.22170	5.33154	3.75000
1273	1030.76822	1019.63325	4.17984	5.30910	3.75000
1274	1031.18434	1020.16268	4.14256	5.27941	3.75000
1275	1031.59714	1020.68882	4.11333	5.24343	3.75000
1276	1032.00755	1021.21107	4.09482	5.20153	3.75000
1277	1032.41668	1021.72879	4.08793	5.15295	3.75000
1278	1032.82565	1022.24128	4.09140	5.09682	3.75000
1279	1033.23534	1022.74778	4.10234	5.03321	3.75000
1280	1033.64629	1023.24763	4.11669	4.96369	3.75000
1281	1034.05862	1023.74037	4.13000	4.89124	3.75000
1282	1034.47207	1024.22587	4.13889	4.81868	3.75000
1283	1034.88612	1024.70418	4.14221	4.74751	3.75000
1284	1035.30027	1025.17549	4.14070	4.67869	3.75000
1285	1035.71408	1025.64009	4.13558	4.61346	3.75000
1286	1036.12723	1026.09844	4.12746	4.55339	3.75000
1287	1036.53942	1026.55113	4.11629	4.50039	3.75000
1288	1036.95034	1026.99897	4.10214	4.45658	3.75000
1289	1037.35973	1027.44299	4.08560	4.42376	3.75000
1290	1037.76738	1027.88431	4.06743	4.40256	3.75000
1291	1038.17312	1028.32401	4.04740	4.39140	3.75000
1292	1038.57664	1028.76288	4.02293	4.38604	3.75000
1293	1038.97718	1029.20126	3.98794	4.38159	3.75000
1294	1039.37324	1029.63913	3.93325	4.37576	3.75000
1295	1039.76234	1030.07637	3.84877	4.36901	3.75000
1296	1040.14112	1030.51292	3.72672	4.36211	3.75000
1297	1040.50565	1030.94879	3.56383	4.35531	3.75000
1298	1040.85194	1031.38402	3.36202	4.34921	3.75000
1299	1041.17642	1031.81869	3.12761	4.34424	3.75000
1300	1041.47624	1032.25285	2.86889	4.33895	3.75000
1301	1041.74935	1032.68628	2.59322	4.32961	3.75000
1302	1041.99431	1033.11830	2.30589	4.31074	3.75000
1303	1042.21018	1033.54759	2.01170	4.27519	3.75000
1304	1042.39660	1033.97206	1.71669	4.21407	3.75000
1305	1042.55385	1034.38867	1.42829	4.11809	3.75000
1306	1042.68302	1034.79354	1.15509	3.97942	3.75000
1307	1042.78609	1035.18218	0.90627	3.79338	3.75000
1308	1042.86590	1035.54984	0.68993	3.55973	3.75000
1309	1042.92594	1035.89199	0.51076	3.28343	3.75000
1310	1042.96993	1036.20486	0.36914	2.97394	3.75000
1311	1042.98839	1036.48572	0.00000	2.64313	3.75000
1312	1042.98839	1036.73304	0.00000	2.30341	3.75000
1313	1042.98839	1036.94657	0.00000	1.96708	3.75000
1314	1042.98839	1037.12721	0.00000	1.64583	3.75000
1315	1042.98839	1037.27698	0.00000	1.34959	3.75000
1316	1042.98839	1037.39869	0.00000	1.08457	3.75000
1317	1042.98839	1037.49554	0.00000	0.85232	3.75000
1318	1042.98839	1037.57069	0.00000	0.65078	3.75000
1319	1042.98839	1037.62709	0.00000	0.47723	3.75000
1320	1042.98839	1037.65095	0.00000	0.00000	3.75000
1321	1042.98839	1037.65095	0.00000	0.00000	3.75000
1322	1042.98839	1037.65095	0.00000	0.00000	3.75000
1323	1042.98839	1037.65095	0.00000	0.00000	3.75000
1324	1042.98839	1037.65095	0.00000	0.00000	3.75000
1325	1042.98839	1037.65095	0.00000	0.00000	3.75000
1326	1042.98839	1037.65095	0.00000	0.00000	3.75000
1327	1042.98839	1037.65095	0.00000	0.00000	3.75000
1328	1042.98839	1037.65095	0.00000	0.00000	3.75000
1329	1042.98839	1037.65095	0.00000	0.00000	3.75000
1330	1042.98839	1037.65095	0.00000	0.00000	3.75000
1331	1042.98839	1037.65095	0.00000	0.00000	3.75000
1332	1042.98839	1037.65095	0.00000	0.00000	3.75000
1333	1042.98839	1037.65095	0.00000	0.00000	3.75000
1334	1042.98839	1037.65095	0.00000	0.00000	3.75000
1335	1042.98839	1037.65095	0.00000	0.00000	3.75000
1336	1042.98839	1037.65095	0.00000	0.00000	3.75000
1337	1042.98839	1037.65095	0.00000	0.00000	3.75000
1338	1042.98839	1037.65095	0.00000	0.00000	3.75000
1339	1042.98839	1037.65095	0.00000	0.00000	3.75000
1340	1042.98839	1037.65095	0.00000	0.00000	3.75000
1341	1042.98839	1037.65095	0.00000	0.00000	3.75000
1342	1042.98839	1037.65095	0.00000	0.00000	3.75000
1343	1042.98839	1037.65095	0.00000	0.00000	3.75000
1344	1042.98839	1037.65095	0.00000	0.00000	3.75000
1345	1042.98839	1037.65095	0.00000	0.00000	3.75000
1346	1042.98839	1037.65095	0.00000	0.00000	3.75000
1347	1042.98839	1037.65095	0.00000	0.00000	3.75000
1348	1042.98839	1037.65095	0.00000	0.00000	3.75000
1349	1042.98839	1037.65095	0.00000	0.00000	3.75000
1350	1042.98839	1037.65095	0.00000	0.00000	3.75000
1351	1042.98839	1037.65095	0.00000	0.00000	3.75000
1352	1042.98839	1037.65095	0.00000	0.00000	3.75000
1353	1042.98839	1037.65095	0.00000	0.00000	3.75000
1354	1042.98839	1037.65095	0.00000	0.00000	3.75000
1355	1042.98839	1037.65095	0.00000	0.00000	3.75000
1356	1042.98839	1037.65095	0.00000	0.00000	3.75000
1357	1042.98839	1037.65095	0.00000	0.00000	3.75000
1358	1042.98839	1037.65095	0.00000	0.00000	3.75000
1359	1042.98839	1037.65095	0.00000	0.00000	3.75000
1360	1042.98839	1037.65095	0.00000	0.00000	3.75000
1361	1042.98839	1037.65095	0.00000	0.00000	3.75000
1362	1042.98839	1037.65095	0.00000	0.00000	3.75000
1363	1042.98839	1037.65095	0.00000	0.00000	3.75000
1364	1042.98839	1037.65095	0.00000	0.00000	3.75000
1365	1042.98839	1037.65095	0.00000	0.00000	3.75000
1366	1042.98839	1037.65095	0.00000	0.00000	3.75000
1367	1042.98839	1037.65095	0.00000	0.00000	3.75000
1368	1042.98839	1037.65095	0.00000	0.00000	3.75000
1369	1042.98839	1037.65095	0.00000	0.00000	3.75000
1370	1042.98839	1037.65095	0.00000	0.00000	3.75000
1371	1042.98839	1037.65095	0.00000	0.00000	3.75000
1372	1042.98839	1037.65095	0.00000	0.00000	3.75000
1373	1042.98839	1037.65095	0.00000	0.00000	3.75000
1374	1042.98839	1037.65095	0.00000	0.00000	3.75000
1375	1042.98839	1037.65095	0.00000	0.00000	3.75000
1376	1042.98839	1037.65095	0.00000	0.00000	3.75000
1377	1042.98839	1037.65095	0.00000	0.00000	3.75000
1378	1042.98839	1037.65095	0.00000	0.00000	3.75000
1379	1042.98839	1037.65095	0.00000	0.00000	3.75000
1380	1042.98839	1037.65095	0.00000	0.00000	3.75000
1381	1042.98839	1037.65095	0.00000	0.00000	3.75000
1382	1042.98839	1037.65095	0.00000	0.00000	3.75000
1383	1042.98839	1037.65095	0.00000	0.00000	3.75000
1384	1042.98839	1037.65095	0.00000	0.00000	3.75000
1385	1042.98839	1037.65095	0.00000	0.00000	3.75000
1386	1042.98839	1037.65095	0.00000	0.00000	3.75000
1387	1042.98839	1037.65095	0.00000	0.00000	3.75000
1388	1042.98839	1037.65095	0.00000	0.00000	3.75000
1389	1042.98839	1037.65095	0.00000	0.00000	3.75000
1390	1042.98839	1037.65095	0.00000	0.00000	3.75000
1391	1042.98839	1037.65095	0.00000	0.00000	3.75000
1392	1042.98839	1037.65095	0.00000	0.00000	3.75000
1393	1042.98839	1037.65095	0.00000	0.00000	3.75000
1394	1042.98839	1037.65095	0.00000	0.00000	3.75000
1395	1042.98839	1037.65095	0.00000	0.00000	3.75000
1396	1042.98839	1037.65095	0.00000	0.00000	3.75000
1397	1042.98839	1037.65095	0.00000	0.00000	3.75000
1398	1042.98839	1037.65095	0.00000	0.00000	3.75000
1399	1042.98839	1037.65095	0.00000	0.00000	3.75000
1400	1042.98839	1037.65095	0.00000	0.00000	3.75000
1401	1042.98839	1037.65095	0.00000	0.00000	3.75000
1402	1042.98839	1037.65095	0.00000	0.00000	3.75000
1403	1042.98839	1037.65095	0.00000	0.00000	3.75000
1404	1042.98839	1037.65095	0.00000	0.00000	3.75000
1405	1042.98839	1037.65095	0.00000	0.00000	3.75000
1406	1042.98839	1037.65095	0.00000	0.00000	3.75000
1407	1042.98839	1037.65095	0.00000	0.00000	3.75000
1408	1042.98839	1037.65095	0.00000	0.00000	3.75000
1409	1042.98839	1037.65095	0.00000	0.00000	3.75000
1410	1042.98839	1037.65095	0.00000	0.00000	3.75000
1411	1042.98839	1037.65095	0.00000	0.00000	3.75000
1412	1042.98839	1037.65095	0.00000	0.00000	3.75000
1413	1042.98839	1037.65095	0.00000	0.00000	3.75000
1414	1042.98839	1037.65095	0.00000	0.00000	3.75000
1415	1042.98839	1037.65095	0.00000	0.00000	3.75000
1416	1042.98839	1037.65095	0.00000	0.00000	3.75000
1417	1042.98839	1037.65095	0.00000	0.00000	3.75000
1418	1042.98839	1037.65095	0.00000	0.00000	3.75000
1419	1042.98839	1037.65095	0.00000	0.00000	3.75000
1420	1042.98839	1037.65095	0.00000	0.00000	3.75000
1421	1042.98839	1037.65095	0.00000	0.00000	3.75000
1422	1042.98839	1037.65095	0.00000	0.00000	3.75000
1423	1042.98839	1037.65095	0.00000	0.00000	3.75000
1424	1042.98839	1037.65095	0.00000	0.00000	3.75000
1425	1042.98839	1037.65095	0.00000	0.00000	3.75000
1426	1042.98839	1037.65095	0.00000	0.00000	3.75000
1427	1042.98839	1037.65095	0.00000	0.00000	3.75000
1428	1042.98839	1037.65095	0.00000	0.00000	3.75000
1429	1042.98839	1037.65095	0.00000	0.00000	3.75000
1430	1042.98839	1037.65095	0.00000	0.00000	3.75000
1431	1042.98839	1037.65095	0.00000	0.00000	3.75000
1432	1042.98839	1037.65095	0.00000	0.00000	3.75000
1433	1042.98839	1037.65095	0.00000	0.00000	3.75000
1434	1042.98839	1037.65095	0.00000	0.00000	3.75000
1435	1042.98839	1037.65095	0.00000	0.00000	3.75000
1436	1042.98839	1037.65095	0.00000	0.00000	3.75000
1437	1042.98839	1037.65095	0.00000	0.00000	3.75000
1438	1042.98839	1037.65095	0.00000	0.00000	3.75000
1439	1042.98839	1037.65095	0.00000	0.00000	3.75000
1440	1042.98839	1037.65095	0.00000	0.00000	3.75000
1441	1042.98839	1037.65095	0.00000	0.00000	3.75000
1442	1042.98839	1037.65095	0.00000	0.00000	3.75000
1443	1042.98839	1037.65095	0.00000	0.00000	3.75000
1444	1043.00907	1037.65095	0.41368	0.00000	3.75000
1445	1043.05764	1037.65095	0.55772	0.00000	3.75000
1446	1043.12068	1037.65095	0.70296	0.00000	3.75000
1447	1043.19775	1037.65095	0.83842	0.00000	3.75000
1448	1043.28742	1037.65095	0.95512	0.00000	3.75000
1449	1043.38752	1037.65095	1.04687	0.00000	3.75000
1450	1043.49541	1037.65095	1.11085	0.00000	3.75000
1451	1043.60833	1037.65095	1.14747	0.00000	3.75000
1452	1043.72369	1037.65095	1.15977	0.00000	3.75000
1453	1043.83932	1037.67235	1.15278	0.42799	3.75000
1454	1043.95362	1037.72085	1.13328	0.54202	3.75000
1455	1044.06574	1037.78012	1.10912	0.64330	3.75000
1456	1044.17556	1037.84841	1.08741	0.72246	3.75000
1457	1044.28358	1037.92333	1.07284	0.77590	3.75000
1458	1044.39058	1038.00236	1.06725	0.80474	3.75000
1459	1044.49744	1038.08322	1.06996	0.81256	3.75000
1460	1044.60486	1038.16408	1.07848	0.80451	3.75000
1461	1044.71327	1038.24364	1.08972	0.78672	3.75000
1462	1044.82282	1038.32123	1.10129	0.76504	3.75000
1463	1044.93348	1038.39667	1.11174	0.74383	3.75000
1464	1045.04505	1038.47015	1.11978	0.72574	3.75000
1465	1045.15723	1038.54207	1.12385	0.71260	3.75000
1466	1045.26957	1038.61299	1.12288	0.70585	3.75000
1467	1045.38157	1038.68357	1.11713	0.70581	3.75000
1468	1045.49285	1038.75441	1.10840	0.71099	3.75000
1469	1045.60323	1038.82586	1.09922	0.71810	3.75000
1470	1045.71275	1038.89791	1.09127	0.72291	3.75000
1471	1045.82153	1038.97017	1.08422	0.72220	3.75000
1472	1045.92955	1039.04208	1.07631	0.71594	3.75000
1473	1046.03669	1039.11322	1.06634	0.70702	3.75000
1474	1046.14274	1039.18350	1.05481	0.69851	3.75000
1475	1046.24765	1039.25300	1.04338	0.69138	3.75000
1476	1046.35151	1039.32178	1.03372	0.68435	3.75000
1477	1046.45452	1039.38978	1.02645	0.67556	3.75000
1478	1046.55688	1039.45678	1.02083	0.66449	3.75000
1479	1046.65870	1039.52261	1.01551	0.65214	3.75000
1480	1046.75992	1039.58722	1.00897	0.64004	3.75000
1481	1046.86032	1039.65068	0.99893	0.62910	3.75000
1482	1046.95934	1039.71312	0.98147	0.61981	3.75000
1483	1047.05600	1039.77479	0.95176	0.61349	3.75000
1484	1047.14888	1039.83612	0.90579	0.61303	3.75000
1485	1047.23625	1039.89787	0.84158	0.62216	3.75000
1486	1047.31630	1039.96117	0.75946	0.64371	3.75000
1487	1047.38738	1040.02728	0.66220	0.67846	3.75000
1488	1047.44827	1040.09747	0.55566	0.72539	3.75000
1489	1047.49851	1040.17285	0.44901	0.78232	3.75000
1490	1047.53859	1040.25422	0.35264	0.84505	3.75000
1491	1047.55622	1040.34180	0.00000	0.90654	3.75000
1492	1047.55622	1040.43505	0.00000	0.95845	3.75000
1493	1047.55622	1040.53270	0.00000	0.99449	3.75000
1494	1047.55622	1040.63304	0.00000	1.01233	3.75000
1495	1047.55622	1040.73433	0.00000	1.01346	3.75000
1496	1047.55622	1040.83513	0.00000	1.00252	3.75000
1497	1047.55622	1040.93455	0.00000	0.98586	3.75000
1498	1047.55622	1041.03226	0.00000	0.96834	3.75000
1499	1047.55622	1041.12824	0.00000	0.95121	3.75000
1500	1047.55622	1041.22247	0.00000	0.93339	3.75000
1501	1047.55622	1041.31481	0.00000	0.91343	3.75000
1502	1047.55622	1041.40500	0.00000	0.89049	3.75000
1503	1047.55622	1041.49277	0.00000	0.86483	3.75000
1504	1047.55622	1041.57792	0.00000	0.83825	3.75000
1505	1047.55622	1041.66050	0.00000	0.81328	3.75000
1506	1047.55622	1041.74075	0.00000	0.79182	3.75000
1507	1047.55622	1041.81907	0.00000	0.77444	3.75000
1508	1047.55622	1041.89582	0.00000	0.76071	3.75000
1509	1047.55622	1041.97133	0.00000	0.74950	3.75000
1510	1047.55622	1042.04579	0.00000	0.73971	3.75000
1511	1047.55622	1042.11932	0.00000	0.73082	3.75000
1512	1047.55622	1042.19201	0.00000	0.72287	3.75000
1513	1047.55622	1042.26395	0.00000	0.71608	3.75000
1514	1047.55622	1042.33530	0.00000	0.71081	3.75000
1515	1047.55622	1042.40622	0.00000	0.70772	3.75000
1516	1047.55622	1042.47691	0.00000	0.70595	3.75000
1517	1047.55622	1042.54728	0.00000	0.70143	3.75000
1518	1047.55622	1042.61680	0.00000	0.68906	3.75000
1519	1047.55622	1042.68459	0.00000	0.66671	3.75000
1520	1047.55622	1042.74974	0.00000	0.63617	3.75000
1521	1047.55622	1042.81160	0.00000	0.60121	3.75000
1522	1047.55622	1042.86993	0.00000	0.56527	3.75000
1523	1047.55622	1042.92471	0.00000	0.53035	3.75000
1524	1047.55622	1042.97608	0.00000	0.49707	3.75000
1525	1047.55622	1043.02425	0.00000	0.46631	3.75000
1526	1047.55622	1043.06962	0.00000	0.44104	3.75000
1527	1047.55622	1043.11290	0.00000	0.42456	3.75000
1528	1047.55622	1043.15490	0.00000	0.41543	3.75000
1529	1047.55622	1043.19597	0.00000	0.40606	3.75000
1530	1047.55622	1043.23566	0.00000	0.38781	3.75000
1531	1047.57454	1043.27292	0.36644	0.35723	3.75000
1532	1047.61717	1043.29078	0.48616	0.00000	3.75000
1533	1047.67272	1043.29078	0.62467	0.00000	3.75000
1534	1047.74281	1043.29078	0.77729	0.00000	3.75000
1535	1047.82868	1043.29078	0.93998	0.00000	3.75000
1536	1047.93118	1043.29078	1.11008	0.00000	3.75000
1537	1048.05103	1043.30969	1.28685	0.37817	3.75000
1538	1048.18896	1043.35241	1.47177	0.47636	3.75000
1539	1048.34594	1043.40570	1.66781	0.58945	3.75000
1540	1048.52323	1043.47019	1.87803	0.70031	3.75000
1541	1048.72233	1043.54471	2.10408	0.79016	3.75000
1542	1048.94478	1043.62639	2.34481	0.84328	3.75000
1543	1049.19181	1043.71117	2.59576	0.85237	3.75000
1544	1049.46412	1043.79489	2.85042	0.82200	3.75000
1545	1049.76173	1043.87437	3.10192	0.76768	3.75000
1546	1050.08401	1043.94829	3.34371	0.71062	3.75000
1547	1050.42968	1044.01734	3.56960	0.67042	3.75000
1548	1050.79689	1044.08381	3.77456	0.65904	3.75000
1549	1051.18339	1044.15073	3.95558	0.67925	3.75000
1550	1051.58676	1044.22105	4.11169	0.72719	3.75000
1551	1052.00450	1044.29725	4.24314	0.79677	3.75000
1552	1052.43411	1044.38127	4.34903	0.88376	3.75000
1553	1052.87281	1044.47482	4.42505	0.98716	3.75000
1554	1053.31739	1044.57953	4.46640	1.10701	3.75000
1555	1053.76437	1044.69698	4.47321	1.24211	3.75000
1556	1054.21061	1044.82860	4.45171	1.39025	3.75000
1557	1054.65373	1044.97557	4.41061	1.54908	3.75000
1558	1055.09214	1045.13881	4.35768	1.71586	3.75000
1559	1055.52500	1045.31895	4.29944	1.88692	3.75000
1560	1055.95206	1045.51623	4.24184	2.05860	3.75000
1561	1056.37361	1045.73063	4.18916	2.22940	3.75000
1562	1056.79017	1045.96215	4.14202	2.40100	3.75000
1563	1057.20215	1046.21105	4.09765	2.57694	3.75000
1564	1057.60968	1046.47789	4.05279	2.76001	3.75000
1565	1058.01262	1046.76341	4.00611	2.95024	3.75000
1566	1058.41084	1047.06817	3.95833	3.14513	3.75000
1567	1058.80429	1047.39248	3.91068	3.34098	3.75000
1568	1059.19300	1047.73625	3.86345	3.53434	3.75000
1569	1059.57698	1048.09909	3.81603	3.72252	3.75000
1570	1059.95616	1048.48040	3.76772	3.90364	3.75000
1571	1060.33046	1048.87942	3.71830	4.07686	3.75000
1572	1060.69979	1049.29536	3.66814	4.24182	3.75000
1573	1061.06415	1049.72730	3.61909	4.39715	3.75000
1574	1061.42383	1050.17414	3.57459	4.53950	3.75000
1575	1061.77948	1050.63431	3.53831	4.66389	3.75000
1576	1062.13205	1051.10574	3.51318	4.76481	3.75000
1577	1062.48279	1051.58586	3.50158	4.83760	3.75000
1578	1062.83314	1052.07172	3.50547	4.87966	3.75000
1579	1063.18471	1052.56025	3.52593	4.89082	3.75000
1580	1063.53915	1053.04840	3.56287	4.87224	3.75000
1581	1063.89808	1053.53333	3.61566	4.82641	3.75000
1582	1064.26304	1054.01260	3.68358	4.75891	3.75000
1583	1064.63546	1054.48449	3.76488	4.67882	3.75000
1584	1065.01647	1054.94829	3.85532	4.59717	3.75000
1585	1065.40666	1055.40442	3.94834	4.52551	3.75000
1586	1065.80594	1055.85433	4.03742	4.47263	3.75000
1587	1066.21374	1056.29995	4.11847	4.43979	3.75000
1588	1066.62921	1056.74289	4.19091	4.41901	3.75000
1589	1067.05154	1057.18371	4.25581	4.39735	3.75000
1590	1067.47999	1057.62183	4.31303	4.36503	3.75000
1591	1067.91369	1058.05611	4.36114	4.32068	3.75000
1592	1068.35175	1058.48563	4.40006	4.26971	3.75000
1593	1068.79339	1058.91009	4.43270	4.21943	3.75000
1594	1069.23821	1059.32984	4.46367	4.17554	3.75000
1595	1069.68618	1059.74572	4.49566	4.14202	3.75000
1596	1070.13732	1060.15894	4.52728	4.12244	3.75000
1597	1070.59146	1060.57107	4.55552	4.12018	3.75000
1598	1071.04822	1060.98397	4.57962	4.13776	3.75000
1599	1071.50729	1061.39968	4.60169	4.17654	3.75000
1600	1071.96859	1061.82033	4.62438	4.23635	3.75000
1601	1072.43225	1062.24789	4.64891	4.31489	3.75000
1602	1072.89845	1062.68402	4.67499	4.40784	3.75000
1603	1073.36724	1063.12990	4.70079	4.50977	3.75000
1604	1073.83846	1063.58617	4.72360	4.61548	3.75000
1605	1074.31177	1064.05297	4.74269	4.72056	3.75000
1606	1074.78697	1064.53003	4.76120	4.82058	3.75000
1607	1075.26427	1065.01662	4.78482	4.91137	3.75000
1608	1075.74450	1065.51171	4.81985	4.99045	3.75000
1609	1076.22909	1066.01411	4.87194	5.05739	3.75000
1610	1076.71992	1066.52263	4.94462	5.11301	3.75000
1611	1077.21907	1067.03624	5.03831	5.15920	3.75000
1612	1077.72852	1067.55415	5.15081	5.19897	3.75000
1613	1078.24994	1068.07589	5.27765	5.23594	3.75000
1614	1078.78438	1068.60136	5.41106	5.27332	3.75000
1615	1079.33188	1069.13067	5.53896	5.31301	3.75000
1616	1079.89115	1069.66412	5.64645	5.35586	3.75000
1617	1080.45951	1070.20207	5.72073	5.40322	3.75000
1618	1081.03338	1070.74513	5.75666	5.45793	3.75000
1619	1081.60919	1071.29420	5.75959	5.52350	3.75000
1620	1082.18440	1071.85048	5.74454	5.60206	3.75000
1621	1082.75825	1072.41520	5.73248	5.69238	3.75000
1622	1083.33211	1072.98927	5.74464	5.78916	3.75000
1623	1083.90917	1073.57298	5.79675	5.88502	3.75000
1624	1084.49377	1074.16590	5.89517	5.97334	3.75000
1625	1085.09033	1074.76706	6.03600	6.04979	3.75000
1626	1085.70248	1075.37515	6.20698	6.11204	3.75000
1627	1086.33240	1075.98871	6.39146	6.15913	3.75000
1628	1086.98059	1076.60625	6.57244	6.19175	3.75000
1629	1087.64599	1077.22650	6.73554	6.21320	3.75000
1630	1088.32634	1077.84866	6.87144	6.23009	3.75000
1631	1089.01879	1078.47273	6.97744	6.25119	3.75000
1632	1089.72051	1079.09953	7.05695	6.28492	3.75000
1633	1090.42921	1079.73063	7.11706	6.33696	3.75000
1634	1091.14336	1080.36792	7.16598	6.40885	3.75000
1635	1091.86219	1081.01327	7.21072	6.49818	3.75000
1636	1092.58552	1081.66820	7.25586	6.60036	3.75000
1637	1093.31350	1082.33374	7.30376	6.71057	3.75000
1638	1094.04648	1083.01051	7.35584	6.82476	3.75000
1639	1094.78495	1083.69871	7.41343	6.93933	3.75000
1640	1095.52949	1084.39819	7.47741	7.05008	3.75000
1641	1096.28074	1085.10833	7.54766	7.15283	3.75000
1642	1097.03925	1085.82825	7.62241	7.24550	3.75000
1643	1097.80525	1086.55695	7.69770	7.32848	3.75000
1644	1098.57858	1087.29351	7.76892	7.40277	3.75000
1645	1099.35871	1088.03707	7.83358	7.46843	3.75000
1646	1100.14499	1088.78674	7.89205	7.52494	3.75000
1647	1100.93685	1089.54160	7.94518	7.57241	3.75000
1648	1101.73372	1090.30083	7.99222	7.61215	3.75000
1649	1102.53492	1091.06374	8.03177	7.64595	3.75000
1650	1103.33971	1091.82979	8.06399	7.67521	3.75000
1651	1104.14747	1092.59862	8.09128	7.70130	3.75000
1652	1104.95790	1093.36994	8.11735	7.72516	3.75000
1653	1105.77101	1094.14351	8.14486	7.74626	3.75000
1654	1106.58690	1094.91905	8.17294	7.76447	3.75000
1655	1107.40545	1095.69643	8.19798	7.78321	3.75000
1656	1108.22622	1096.47602	8.21739	7.80853	3.75000
1657	1109.04872	1097.25869	8.23264	7.84481	3.75000
1658	1109.87282	1098.04553	8.24943	7.89209	3.75000
1659	1110.69906	1098.83747	8.27537	7.94672	3.75000
1660	1111.52864	1099.63498	8.31608	8.00337	3.75000
1661	1112.36304	1100.43801	8.37206	8.05720	3.75000
1662	1113.20357	1101.24616	8.43855	8.10582	3.75000
1663	1114.05089	1102.05891	8.50788	8.14918	3.75000
1664	1114.90494	1102.87573	8.57307	8.18729	3.75000
1665	1115.76512	1103.69600	8.63052	8.21810	3.75000
1666	1116.63068	1104.51880	8.68058	8.23792	3.75000
1667	1117.50103	1105.34296	8.72643	8.24525	3.75000
1668	1118.37598	1106.16746	8.77264	8.24471	3.75000
1669	1119.25581	1106.99199	8.82386	8.24605	3.75000
1670	1120.14117	1107.81728	8.88336	8.25972	3.75000
1671	1121.03289	1108.64494	8.95115	8.29341	3.75000
1672	1121.93162	1109.47711	9.02336	8.35000	3.75000
1673	1122.83750	1110.31591	9.09422	8.42601	3.75000
1674	1123.75015	1111.16282	9.15887	8.51214	3.75000
1675	1124.66880	1112.01825	9.21419	8.59653	3.75000
1676	1125.59244	1112.88147	9.25856	8.66783	3.75000
1677	1126.51994	1113.75072	9.29145	8.71728	3.75000
1678	1127.45014	1114.62364	9.31257	8.74109	3.75000
1679	1128.38185	1115.49778	9.32161	8.74160	3.75000
1680	1129.31391	1116.37114	9.31956	8.72566	3.75000
1681	1130.24539	1117.24248	9.30996	8.70110	3.75000
1682	1131.17577	1118.11127	9.29761	8.67470	3.75000
1683	1132.10496	1118.97761	9.28618	8.65222	3.75000
1684	1133.03313	1119.84208	9.27724	8.63719	3.75000
1685	1133.96052	1120.70541	9.27065	8.62940	3.75000
1686	1134.88732	1121.56824	9.26543	8.62718	3.75000
1687	1135.81360	1122.43117	9.26005	8.63136	3.75000
1688	1136.73923	1123.29506	9.25265	8.64642	3.75000
1689	1137.66395	1124.16134	9.24175	8.67915	3.75000
1690	1138.58738	1125.03215	9.22671	8.73702	3.75000
1691	1139.50911	1125.91023	9.20800	8.82466	3.75000
1692	1140.42886	1126.79840	9.18700	8.93879	3.75000
1693	1141.34648	1127.69865	9.16528	9.06625	3.75000
1694	1142.26198	1128.61136	9.14471	9.18797	3.75000
1695	1143.17566	1129.53508	9.12905	9.28644	3.75000
1696	1144.08835	1130.46701	9.12457	9.35206	3.75000
1697	1145.00148	1131.40388	9.13810	9.38539	3.75000
1698	1145.91712	1132.34288	9.17475	9.39460	3.75000
1699	1146.83774	1133.28217	9.23756	9.39106	3.75000
1700	1147.76600	1134.22099	9.32759	9.38537	3.75000
1701	1148.70453	1135.15950	9.44314	9.38490	3.75000
1702	1149.65566	1136.09844	9.57947	9.39399	3.75000
1703	1150.62114	1137.03888	9.73012	9.41481	3.75000
1704	1151.60210	1137.98195	9.88906	9.44658	3.75000
1705	1152.59916	1138.92860	10.05209	9.48624	3.75000
1706	1153.61263	1139.87951	10.21737	9.53204	3.75000
1707	1154.64276	1140.83537	10.38515	9.58526	3.75000
1708	1155.68986	1141.79701	10.55686	9.64747	3.75000
1709	1156.75439	1142.76529	10.73373	9.71821	3.75000
1710	1157.83687	1143.74104	10.91601	9.79676	3.75000
1711	1158.93782	1144.72507	11.10297	9.88373	3.75000
1712	1160.05762	1145.71817	11.29295	9.97840	3.75000
1713	1161.19643	1146.72092	11.48331	10.07658	3.75000
1714	1162.35411	1147.73344	11.67029	10.17375	3.75000
1715	1163.53011	1148.75555	11.84961	10.26854	3.75000
1716	1164.72349	1149.78709	12.01809	10.36211	3.75000
1717	1165.93314	1150.82798	12.17496	10.45580	3.75000
1718	1167.15798	1151.87824	12.32168	10.54929	3.75000
1719	1168.39706	1152.93773	12.45994	10.64062	3.75000
1720	1169.64955	1154.00619	12.58987	10.72855	3.75000
1721	1170.91456	1155.08332	12.71047	10.81411	3.75000
1722	1172.19114	1156.16897	12.82103	10.89876	3.75000
1723	1173.47827	1157.26302	12.92152	10.98238	3.75000
1724	1174.77494	1158.36534	13.01198	11.06385	3.75000
1725	1176.08015	1159.47567	13.09223	11.14284	3.75000
1726	1177.39286	1160.59384	13.16190	11.22062	3.75000
1727	1178.71200	1161.71984	13.22094	11.29930	3.75000
1728	1180.03654	1162.85383	13.26986	11.38044	3.75000
1729	1181.36549	1163.99610	13.30915	11.46508	3.75000
1730	1182.69790	1165.14706	13.33904	11.55400	3.75000
1731	1184.03285	1166.30712	13.36001	11.64723	3.75000
1732	1185.36949	1167.47665	13.37282	11.74342	3.75000
1733	1186.70704	1168.65579	13.37818	11.83929	3.75000
1734	1188.04478	1169.84425	13.37654	11.93009	3.75000
1735	1189.38200	1171.04136	13.36788	12.01207	3.75000
1736	1190.71798	1172.24624	13.35169	12.08547	3.75000
1737	1192.05195	1173.45822	13.32766	12.15422	3.75000
1738	1193.38317	1174.67710	13.29685	12.22327	3.75000
1739	1194.71115	1175.90306	13.26268	12.29586	3.75000
1740	1196.03581	1177.13642	13.23063	12.37152	3.75000
1741	1197.35766	1178.37733	13.20637	12.44662	3.75000
1742	1198.67765	1179.62556	13.19341	12.51800	3.75000
1743	1199.99693	1180.88069	13.19218	12.58453	3.75000
1744	1201.31654	1182.14215	13.20006	12.64479	3.75000
1745	1202.63713	1183.40922	13.21167	12.69649	3.75000
1746	1203.95872	1184.68098	13.22009	12.73882	3.75000
1747	1205.28069	1185.95659	13.21927	12.77324	3.75000
1748	1206.60192	1187.23531	13.20531	12.80123	3.75000
1749	1207.92099	1188.51650	13.17622	12.82262	3.75000
1750	1209.23642	1189.79943	13.13230	12.83591	3.75000
1751	1210.54697	1191.08316	13.07872	12.83879	3.75000
1752	1211.85224	1192.36652	13.02676	12.82828	3.75000
1753	1213.15309	1193.64803	12.99027	12.80198	3.75000
1754	1214.45159	1194.92616	12.97966	12.76070	3.75000
1755	1215.75049	1196.19967	12.99829	12.70948	3.75000
1756	1217.05252	1197.46791	13.04233	12.65520	3.75000
1757	1218.35972	1198.73089	13.10171	12.60453	3.75000
1758	1219.67293	1199.98936	13.16249	12.56488	3.75000
1759	1220.99162	1201.24479	13.21124	12.54372	3.75000
1760	1222.31411	1202.49915	13.23862	12.54346	3.75000
1761	1223.63810	1203.75424	13.24110	12.55832	3.75000
1762	1224.96129	1205.01096	13.22283	12.57595	3.75000
1763	1226.28224	1206.26878	13.19610	12.58058	3.75000
1764	1227.60087	1207.52577	13.17658	12.55910	3.75000
1765	1228.91853	1208.77918	13.17657	12.50915	3.75000
1766	1230.23744	1210.02671	13.20168	12.44142	3.75000
1767	1231.56006	1211.26746	13.25069	12.37359	3.75000
1768	1232.88839	1212.50226	13.31583	12.32237	3.75000
1769	1234.22337	1213.73334	13.38382	12.29923	3.75000
1770	1235.56457	1214.96375	13.44022	12.30898	3.75000
1771	1236.91034	1216.19664	13.47525	12.34886	3.75000
1772	1238.25840	1217.43458	13.48584	12.41002	3.75000
1773	1239.60638	1218.67924	13.47374	12.48307	3.75000
1774	1240.95231	1219.93150	13.44492	12.56228	3.75000
1775	1242.29507	1221.19179	13.41030	12.64343	3.75000
1776	1243.63472	1222.45997	13.38257	12.72010	3.75000
1777	1244.97231	1223.73520	13.36936	12.78461	3.75000
1778	1246.30923	1225.01605	13.36896	12.83227	3.75000
1779	1247.64629	1226.30084	13.37220	12.86362	3.75000
1780	1248.98330	1227.58821	13.36813	12.88385	3.75000
1781	1250.31920	1228.87744	13.34986	12.90070	3.75000
1782	1251.65258	1230.16855	13.31781	12.92143	3.75000
1783	1252.98240	1231.46210	13.27856	12.94955	3.75000
1784	1254.30837	1232.75875	13.24079	12.98342	3.75000
1785	1255.63097	1234.05883	13.21117	13.01820	3.75000
1786	1256.95113	1235.36222	13.19200	13.04959	3.75000
1787	1258.26981	1236.66849	13.18165	13.07598	3.75000
1788	1259.58770	1237.97721	13.17621	13.09826	3.75000
1789	1260.90505	1239.28809	13.17081	13.11939	3.75000
1790	1262.22168	1240.60125	13.16169	13.14378	3.75000
1791	1263.53724	1241.91719	13.14946	13.17510	3.75000
1792	1264.85165	1243.23663	13.13876	13.21378	3.75000
1793	1266.16525	1244.56018	13.13324	13.25719	3.75000
1794	1267.47852	1245.88814	13.13218	13.30194	3.75000
1795	1268.79173	1247.22048	13.13204	13.34483	3.75000
1796	1270.10478	1248.55684	13.12897	13.38231	3.75000
1797	1271.41724	1249.89648	13.12025	13.41057	3.75000
1798	1272.72850	1251.23830	13.10483	13.42591	3.75000
1799	1274.03784	1252.58091	13.08214	13.42633	3.75000
1800	1275.34452	1253.92287	13.05144	13.41280	3.75000
1801	1276.64778	1255.26293	13.01366	13.38835	3.75000
1802	1277.94709	1256.60019	12.97256	13.35677	3.75000
1803	1279.24239	1257.93412	12.93353	13.32200	3.75000
1804	1280.53414	1259.26461	12.90146	13.28761	3.75000
1805	1281.82317	1260.59179	12.87907	13.25614	3.75000
1806	1283.11043	1261.91604	12.86605	13.22881	3.75000
1807	1284.39674	1263.23776	12.86017	13.20554	3.75000
1808	1285.68274	1264.55729	12.85986	13.18521	3.75000
1809	1286.96900	1265.87488	12.86546	13.16645	3.75000
1810	1288.25617	1267.19066	12.87776	13.14928	3.75000
1811	1289.54484	1268.50491	12.89566	13.13564	3.75000
1812	1290.83536	1269.81811	12.91491	13.12836	3.75000
1813	1292.12759	1271.13103	12.92965	13.13003	3.75000
1814	1293.42086	1272.44463	12.93571	13.14200	3.75000
1815	1294.71427	1273.75994	12.93238	13.16428	3.75000
1816	1296.00698	1275.07798	12.92186	13.19635	3.75000
1817	1297.29848	1276.39966	12.90822	13.23738	3.75000
1818	1298.58873	1277.72578	12.89669	13.28505	3.75000
1819	1299.87817	1279.05676	12.89212	13.33453	3.75000
1820	1301.16765	1280.39248	12.89748	13.37981	3.75000
1821	1302.45821	1281.73227	12.91373	13.41591	3.75000
1822	1303.75091	1283.07508	12.94029	13.44043	3.75000
1823	1305.04667	1284.41982	12.97497	13.45429	3.75000
1824	1306.34611	1285.76561	13.01385	13.46152	3.75000
1825	1307.64940	1287.11206	13.05190	13.46755	3.75000
1826	1308.95622	1288.45932	13.08444	13.47754	3.75000
1827	1310.26592	1289.80795	13.10950	13.49513	3.75000
1828	1311.57788	1291.15873	13.12972	13.52043	3.75000
1829	1312.89199	1292.51217	13.15248	13.54831	3.75000
1830	1314.20898	1293.86806	13.18730	13.56962	3.75000
1831	1315.53041	1295.22531	13.24131	13.57531	3.75000
1832	1316.85827	1296.58214	13.31587	13.56123	3.75000
1833	1318.19438	1297.93670	13.40640	13.52996	3.75000
1834	1319.53993	1299.28760	13.50466	13.48811	3.75000
1835	1320.89523	1300.63416	13.60126	13.44306	3.75000
1836	1322.25970	1301.97641	13.68818	13.40204	3.75000
1837	1323.63214	1303.31512	13.76064	13.37206	3.75000
1838	1325.01103	1304.65166	13.81708	13.35889	3.75000
1839	1326.39478	1305.98787	13.85790	13.36514	3.75000
1840	1327.78195	1307.32558	13.88562	13.38923	3.75000
1841	1329.17155	1308.66634	13.90643	13.42589	3.75000
1842	1330.56339	1310.01103	13.93032	13.46791	3.75000
1843	1331.95833	1311.35986	13.96850	13.50866	3.75000
1844	1333.35824	1312.71248	14.02968	13.54385	3.75000
1845	1334.76554	1314.06827	14.11633	13.57189	3.75000
1846	1336.18247	1315.42651	14.22221	13.59297	3.75000
1847	1337.61022	1316.78659	14.33277	13.60854	3.75000
1848	1339.04834	1318.14813	14.42966	13.62218	3.75000
1849	1340.49472	1319.51121	14.49793	13.63942	3.75000
1850	1341.94621	1320.87639	14.53194	13.66418	3.75000
1851	1343.39966	1322.24435	14.53701	13.69516	3.75000
1852	1344.85284	1323.61546	14.52650	13.72700	3.75000
1853	1346.30496	1324.98954	14.51594	13.75463	3.75000
1854	1347.75658	1326.36610	14.51652	13.77643	3.75000
1855	1349.20899	1327.74465	14.53173	13.79456	3.75000
1856	1350.66353	1329.12504	14.55907	13.81337	3.75000
1857	1352.12114	1330.50755	14.59314	13.83686	3.75000
1858	1353.58212	1331.89273	14.62641	13.86669	3.75000
1859	1355.04594	1333.28118	14.64992	13.90222	3.75000
1860	1356.51128	1334.67336	14.65702	13.94143	3.75000
1861	1357.97648	1336.06950	14.64695	13.98143	3.75000
1862	1359.44004	1337.46954	14.62426	14.01924	3.75000
1863	1360.90103	1338.87314	14.59559	14.05276	3.75000
1864	1362.35916	1340.27982	14.56692	14.08095	3.75000
1865	1363.81459	1341.68904	14.54171	14.10336	3.75000
1866	1365.26765	1343.10019	14.51940	14.11971	3.75000
1867	1366.71836	1344.51267	14.49478	14.13001	3.75000
1868	1368.16604	1345.92598	14.45891	14.13611	3.75000
1869	1369.60916	1347.33993	14.40340	14.14292	3.75000
1870	1371.04568	1348.75489	14.32698	14.15622	3.75000
1871	1372.47397	1350.17162	14.23888	14.17839	3.75000
1872	1373.89364	1351.59085	14.15452	14.20619	3.75000
1873	1375.30569	1353.01278	14.08662	14.23248	3.75000
1874	1376.71203	1354.43690	14.04005	14.24993	3.75000
1875	1378.11469	1355.86207	14.01320	14.25348	3.75000
1876	1379.51544	1357.28685	14.00171	14.24204	3.75000
1877	1380.91556	1358.70994	14.00078	14.21970	3.75000
1878	1382.31593	1360.13061	14.00668	14.19371	3.75000
1879	1383.71718	1361.54878	14.01820	14.16979	3.75000
1880	1385.11991	1362.96475	14.03644	14.14951	3.75000
1881	1386.52478	1364.37877	14.06096	14.13087	3.75000
1882	1387.93210	1365.79083	14.08535	14.11041	3.75000
1883	1389.34126	1367.20061	14.09787	14.08527	3.75000
1884	1390.75061	1368.60759	14.08912	14.05435	3.75000
1885	1392.15806	1370.01124	14.05987	14.01855	3.75000
1886	1393.56212	1371.41119	14.02135	13.98043	3.75000
1887	1394.96257	1372.80736	13.98761	13.94293	3.75000
1888	1396.36025	1374.19992	13.96616	13.90839	3.75000
1889	1397.75626	1375.58930	13.95404	13.87907	3.75000
