1	25.77504	17.86029	3.86988	4.06881	3.83000
2	26.16076	18.26332	3.84448	3.99176	3.83000
3	26.54493	18.65821	3.83888	3.90608	3.83000
4	26.92969	19.04432	3.85631	3.81608	3.83000
5	27.31722	19.42149	3.89427	3.72730	3.83000
6	27.70927	19.79010	3.94671	3.64491	3.83000
7	28.10697	20.15096	4.00729	3.57229	3.83000
8	28.51090	20.50513	4.07136	3.51119	3.83000
9	28.92127	20.85383	4.13598	3.46293	3.83000
10	29.33803	21.19840	4.19927	3.42848	3.83000
11	29.76100	21.54021	4.26003	3.40763	3.83000
12	30.18994	21.88051	4.31886	3.39833	3.83000
13	30.62483	22.22028	4.37901	3.39707	3.83000
14	31.06607	22.56013	4.44565	3.39989	3.83000
15	31.51454	22.90027	4.52381	3.40303	3.83000
16	31.97155	23.24058	4.61633	3.40312	3.83000
17	32.43849	23.58061	4.72255	3.39739	3.83000
18	32.91644	23.91969	4.83641	3.38426	3.83000
19	33.40547	24.25710	4.94428	3.36394	3.83000
20	33.90407	24.59224	5.02756	3.33894	3.83000
21	34.40900	24.92485	5.07112	3.31328	3.83000
22	34.91609	25.25507	5.07061	3.29104	3.83000
23	35.42132	25.58339	5.03398	3.27545	3.83000
24	35.92192	25.91062	4.97812	3.26906	3.83000
25	36.41699	26.23782	4.92319	3.27497	3.83000
26	36.90748	26.56643	4.88672	3.29713	3.83000
27	37.39578	26.89825	4.87919	3.33924	3.83000
28	37.88483	27.23536	4.90184	3.40313	3.83000
29	38.37730	27.57992	4.94748	3.48793	3.83000
30	38.87487	27.93380	5.00406	3.58975	3.83000
31	39.37801	28.29839	5.05860	3.70205	3.83000
32	39.88592	28.67436	5.09969	3.81727	3.83000
33	40.39687	29.06168	5.11931	3.92916	3.83000
34	40.90856	29.45984	5.11452	4.03403	3.83000
35	41.41868	29.86807	5.08794	4.13065	3.83000
36	41.92541	30.28560	5.04654	4.21981	3.83000
37	42.42771	30.71177	4.99942	4.30378	3.83000
38	42.92546	31.14622	4.95557	4.38516	3.83000
39	43.41931	31.58877	4.92145	4.46571	3.83000
40	43.91037	32.03938	4.89976	4.54653	3.83000
41	44.39985	32.49813	4.88984	4.62860	3.83000
42	44.88881	32.96516	4.88933	4.71185	3.83000
43	45.37807	33.44043	4.89599	4.79367	3.83000
44	45.86834	33.92356	4.90931	4.86881	3.83000
45	46.36034	34.41355	4.93070	4.93098	3.83000
46	46.85497	34.90887	4.96200	4.97537	3.83000
47	47.35324	35.40768	5.00331	5.00099	3.83000
48	47.85602	35.90828	5.05228	5.01094	3.83000
49	48.36389	36.40936	5.10527	5.01061	3.83000
50	48.87709	36.91017	5.15858	5.00565	3.83000
51	49.39546	37.41051	5.20879	5.00120	3.83000
52	49.91858	37.91068	5.25360	5.00207	3.83000
53	50.44591	38.41139	5.29306	5.01213	3.83000
54	50.97702	38.91363	5.32909	5.03276	3.83000
55	51.51167	39.41837	5.36395	5.06199	3.83000
56	52.04982	39.92622	5.39905	5.09505	3.83000
57	52.59150	40.43728	5.43454	5.12614	3.83000
58	53.13669	40.95113	5.46940	5.15086	3.83000
59	53.68525	41.46706	5.50174	5.16773	3.83000
60	54.23682	41.98436	5.52963	5.17832	3.83000
61	54.79093	42.50260	5.55253	5.18652	3.83000
62	55.34715	43.02179	5.57196	5.19719	3.83000
63	55.90530	43.54239	5.59089	5.21480	3.83000
64	56.46545	44.06524	5.61227	5.24231	3.83000
65	57.02791	44.59136	5.63691	5.27999	3.83000
66	57.59287	45.12166	5.66223	5.32596	3.83000
67	58.16014	45.65690	5.68324	5.37891	3.83000
68	58.72902	46.19785	5.69437	5.44003	3.83000
69	59.29829	46.74547	5.69086	5.51247	3.83000
70	59.86633	47.30106	5.67012	5.59921	3.83000
71	60.43148	47.86603	5.63290	5.70018	3.83000
72	60.99230	48.44154	5.58342	5.81015	3.83000
73	61.54789	49.02802	5.52846	5.91936	3.83000
74	62.09810	49.62484	5.47567	6.01697	3.83000
75	62.64344	50.23044	5.43101	6.09520	3.83000
76	63.18485	50.84279	5.39737	6.15180	3.83000
77	63.72346	51.45986	5.37469	6.18946	3.83000
78	64.26021	52.07998	5.36027	6.21298	3.83000
79	64.79569	52.70196	5.34942	6.22667	3.83000
80	65.33002	53.32492	5.33723	6.23253	3.83000
81	65.86289	53.94803	5.32017	6.22972	3.83000
82	66.39373	54.57033	5.29656	6.21616	3.83000
83	66.92189	55.19070	5.26668	6.19137	3.83000
84	67.44686	55.80816	5.23273	6.15765	3.83000
85	67.96838	56.42198	5.19767	6.11886	3.83000
86	68.48647	57.03185	5.16402	6.07862	3.83000
87	69.00135	57.63775	5.13357	6.03931	3.83000
88	69.51336	58.23982	5.10671	6.00215	3.83000
89	70.02279	58.83831	5.08188	5.96760	3.83000
90	70.52969	59.43344	5.05617	5.93507	3.83000
91	71.03383	60.02535	5.02662	5.90303	3.83000
92	71.53477	60.61400	4.99215	5.87010	3.83000
93	72.03211	61.19929	4.95475	5.83555	3.83000
94	72.52577	61.78102	4.91839	5.79913	3.83000
95	73.01602	62.35902	4.88654	5.76075	3.83000
96	73.50335	62.93306	4.86020	5.72012	3.83000
97	73.98825	63.50290	4.83766	5.67672	3.83000
98	74.47089	64.06822	4.81518	5.62968	3.83000
99	74.95106	64.62860	4.78825	5.57799	3.83000
100	75.42817	65.18355	4.75390	5.52100	3.83000
101	75.90150	65.73257	4.71267	5.45922	3.83000
102	76.37054	66.27526	4.66816	5.39461	3.83000
103	76.83519	66.81148	4.62483	5.32991	3.83000
104	77.29572	67.34138	4.58590	5.26807	3.83000
105	77.75265	67.86541	4.55252	5.21243	3.83000
106	78.20646	68.38440	4.52374	5.16740	3.83000
107	78.65751	68.89967	4.49722	5.13810	3.83000
108	79.10588	69.41300	4.47023	5.12851	3.83000
109	79.55142	69.92641	4.44066	5.13969	3.83000
110	79.99384	70.44188	4.40760	5.16973	3.83000
111	80.43279	70.96118	4.37156	5.21611	3.83000
112	80.86809	71.48585	4.33435	5.27739	3.83000
113	81.29972	72.01731	4.29831	5.35176	3.83000
114	81.72789	72.55662	4.26507	5.43438	3.83000
115	82.15290	73.10417	4.23513	5.51680	3.83000
116	82.57508	73.65946	4.20848	5.58887	3.83000
117	82.99476	74.22098	4.18503	5.64159	3.83000
118	83.41224	74.78652	4.16471	5.66919	3.83000
119	83.82784	75.35347	4.14710	5.66977	3.83000
120	84.24174	75.91920	4.13108	5.64493	3.83000
121	84.65413	76.48141	4.11664	5.59929	3.83000
122	85.06534	77.03838	4.10764	5.54004	3.83000
123	85.47635	77.58919	4.11242	5.47607	3.83000
124	85.88902	78.13379	4.14098	5.41595	3.83000
125	86.30611	78.67285	4.20080	5.36527	3.83000
126	86.73083	79.20738	4.29365	5.32530	3.83000
127	87.16626	79.73833	4.41502	5.29371	3.83000
128	87.61482	80.26634	4.55615	5.26645	3.83000
129	88.07800	80.79163	4.70739	5.23942	3.83000
130	88.55641	81.31407	4.86091	5.20934	3.83000
131	89.05005	81.83324	5.01186	5.17402	3.83000
132	89.55857	82.34858	5.15851	5.13293	3.83000
133	90.08161	82.85962	5.30226	5.08777	3.83000
134	90.61905	83.36612	5.44652	5.04232	3.83000
135	91.17111	83.86836	5.59476	5.00231	3.83000
136	91.73832	84.36726	5.74950	4.97573	3.83000
137	92.32143	84.86461	5.91260	4.97131	3.83000
138	92.92132	85.36290	6.08522	4.99444	3.83000
139	93.53893	85.86482	6.26694	5.04401	3.83000
140	94.17503	86.37270	6.45519	5.11363	3.83000
141	94.83010	86.88816	6.64613	5.19545	3.83000
142	95.50424	87.41206	6.83676	5.28273	3.83000
143	96.19738	87.94470	7.02600	5.37004	3.83000
144	96.90939	88.48586	7.21423	5.45302	3.83000
145	97.64024	89.03496	7.40272	5.52904	3.83000
146	98.39004	89.59128	7.59320	5.59739	3.83000
147	99.15902	90.15412	7.78651	5.65943	3.83000
148	99.94742	90.72306	7.98139	5.71925	3.83000
149	100.75525	91.29818	8.17518	5.78327	3.83000
150	101.58227	91.88026	8.36523	5.85826	3.83000
151	102.42803	92.47063	8.55006	5.94920	3.83000
152	103.29205	93.07099	8.73036	6.05789	3.83000
153	104.17401	93.68301	8.90884	6.18253	3.83000
154	105.07383	94.30805	9.08756	6.31841	3.83000
155	105.99148	94.94697	9.26547	6.45999	3.83000
156	106.92671	95.60013	9.43913	6.60302	3.83000
157	107.87892	96.26755	9.60502	6.74551	3.83000
158	108.84723	96.94920	9.76117	6.88742	3.83000
159	109.83067	97.64509	9.90758	7.03043	3.83000
160	110.82831	98.35549	10.04532	7.17750	3.83000
161	111.83932	99.08096	10.17474	7.33198	3.83000
162	112.86272	99.82235	10.29330	7.49576	3.83000
163	113.89710	100.58056	10.39423	7.66836	3.83000
164	114.94025	101.35635	10.46879	7.84748	3.83000
165	115.98931	102.15022	10.51238	8.02998	3.83000
166	117.04131	102.96238	10.52779	8.21320	3.83000
167	118.09382	103.79285	10.52239	8.39616	3.83000
168	119.14514	104.64162	10.50395	8.57928	3.83000
169	120.19431	105.50872	10.47941	8.76273	3.83000
170	121.24106	106.39416	10.45568	8.94597	3.83000
171	122.28587	107.29786	10.44038	9.12821	3.83000
172	123.32995	108.21971	10.44131	9.30861	3.83000
173	124.37523	109.15948	10.46440	9.48682	3.83000
174	125.42402	110.11699	10.51132	9.66347	3.83000
175	126.47852	111.09214	10.57865	9.83959	3.83000
176	127.54043	112.08489	10.65964	10.01531	3.83000
177	128.61080	113.09512	10.74773	10.18937	3.83000
178	129.69013	114.12259	10.83887	10.35999	3.83000
179	130.77865	115.16689	10.93148	10.52592	3.83000
180	131.87644	116.22748	11.02431	10.68597	3.83000
181	132.98332	117.30361	11.11337	10.83665	3.83000
182	134.09855	118.39395	11.19109	10.97003	3.83000
183	135.22059	119.49621	11.24984	11.07516	3.83000
184	136.34745	120.60713	11.28733	11.14333	3.83000
185	137.47728	121.72296	11.30928	11.17316	3.83000
186	138.60903	122.84019	11.32570	11.17154	3.83000
187	139.74252	123.95627	11.34415	11.14997	3.83000
188	140.87805	125.06973	11.36642	11.11928	3.83000
189	142.01591	126.18002	11.39066	11.08663	3.83000
190	143.15619	127.28721	11.41505	11.05707	3.83000
191	144.29889	128.39191	11.43886	11.03691	3.83000
192	145.44388	129.49549	11.46110	11.03479	3.83000
193	146.59091	130.60021	11.47936	11.05947	3.83000
194	147.73941	131.70895	11.49077	11.11544	3.83000
195	148.88866	132.82471	11.49404	11.19974	3.83000
196	150.03791	133.94985	11.49101	11.30297	3.83000
197	151.18677	135.08568	11.48616	11.41374	3.83000
198	152.33528	136.23254	11.48404	11.52349	3.83000
199	153.48382	137.39012	11.48684	11.62812	3.83000
200	154.63285	138.55784	11.49369	11.72616	3.83000
201	155.78261	139.73497	11.50150	11.81646	3.83000
202	156.93302	140.92065	11.50673	11.89718	3.83000
203	158.08372	142.11379	11.50734	11.96566	3.83000
204	159.23428	143.31302	11.50395	12.01888	3.83000
205	160.38445	144.51670	11.49943	12.05468	3.83000
206	161.53430	145.72310	11.49755	12.07340	3.83000
207	162.68424	146.93069	11.50114	12.07834	3.83000
208	163.83483	148.13839	11.51082	12.07567	3.83000
209	164.98664	149.34585	11.52522	12.07352	3.83000
210	166.13999	150.55349	11.54183	12.07936	3.83000
211	167.29494	151.76230	11.55709	12.09681	3.83000
212	168.45114	152.97339	11.56709	12.12491	3.83000
213	169.60800	154.18762	11.57003	12.15974	3.83000
214	170.76490	155.40542	11.56802	12.19624	3.83000
215	171.92156	156.62671	11.56516	12.22953	3.83000
216	173.07802	157.85102	11.56404	12.25677	3.83000
217	174.23447	159.07780	11.56493	12.27882	3.83000
218	175.39109	160.30673	11.56738	12.29969	3.83000
219	176.54804	161.53791	11.57171	12.32398	3.83000
220	177.70557	162.77183	11.57892	12.35441	3.83000
221	178.86401	164.00908	11.58992	12.39058	3.83000
222	180.02376	165.25005	11.60493	12.42877	3.83000
223	181.18515	166.49464	11.62302	12.46305	3.83000
224	182.34839	167.74219	11.64165	12.48802	3.83000
225	183.51335	168.99169	11.65768	12.50190	3.83000
226	184.67973	170.24212	11.66986	12.50680	3.83000
227	185.84722	171.49277	11.67991	12.50609	3.83000
228	187.01577	172.74317	11.69119	12.50190	3.83000
229	188.18566	173.99301	11.70658	12.49488	3.83000
230	189.35737	175.24200	11.72747	12.48501	3.83000
231	190.53142	176.48985	11.75371	12.47198	3.83000
232	191.70831	177.73622	11.78401	12.45544	3.83000
233	192.88834	178.98080	11.81662	12.43606	3.83000
234	194.07167	180.22339	11.84988	12.41583	3.83000
235	195.25827	181.46400	11.88212	12.39642	3.83000
236	196.44796	182.70270	11.91173	12.37756	3.83000
237	197.64046	183.93946	11.93834	12.35753	3.83000
238	198.83557	185.17408	11.96368	12.33490	3.83000
239	200.03326	186.40629	11.99029	12.30940	3.83000
240	201.23373	187.63585	12.01898	12.28168	3.83000
241	202.43707	188.86257	12.04792	12.25284	3.83000
242	203.64318	190.08642	12.07421	12.22413	3.83000
243	204.85172	191.30744	12.09655	12.19636	3.83000
244	206.06237	192.52572	12.11649	12.16922	3.83000
245	207.27506	193.74125	12.13741	12.14126	3.83000
246	208.49005	194.95385	12.16220	12.11071	3.83000
247	209.70775	196.16322	12.19196	12.07672	3.83000
248	210.92864	197.36906	12.22573	12.04022	3.83000
249	212.15296	198.57127	12.26067	12.00394	3.83000
250	213.38064	199.77004	12.29308	11.97139	3.83000
251	214.61131	200.96585	12.32020	11.94484	3.83000
252	215.84438	202.15928	12.34125	11.92384	3.83000
253	217.07933	203.35080	12.35781	11.90652	3.83000
254	218.31589	204.54076	12.37329	11.89259	3.83000
255	219.55412	205.72964	12.39127	11.88498	3.83000
256	220.79435	206.91832	12.41340	11.88868	3.83000
257	222.03693	208.10815	12.43820	11.90797	3.83000
258	223.28194	209.30074	12.46204	11.94376	3.83000
259	224.52916	210.49755	12.48228	11.99249	3.83000
260	225.77824	211.69954	12.49931	12.04730	3.83000
261	227.02896	212.90694	12.51513	12.10070	3.83000
262	228.28125	214.11933	12.53066	12.14700	3.83000
263	229.53503	215.33586	12.54497	12.18363	3.83000
264	230.79011	216.55562	12.55656	12.21170	3.83000
265	232.04616	217.77799	12.56446	12.23569	3.83000
266	233.30281	219.00286	12.56864	12.26159	3.83000
267	234.55976	220.23061	12.57035	12.29348	3.83000
268	235.81688	221.46185	12.57203	12.33120	3.83000
269	237.07430	222.69697	12.57630	12.37119	3.83000
270	238.33233	223.93602	12.58429	12.40982	3.83000
271	239.59129	225.17881	12.59497	12.44616	3.83000
272	240.85136	226.42522	12.60632	12.48189	3.83000
273	242.11248	227.67526	12.61623	12.51903	3.83000
274	243.37436	228.92910	12.62127	12.55764	3.83000
275	244.63622	230.18675	12.61590	12.59538	3.83000
276	245.89682	231.44792	12.59613	12.62806	3.83000
277	247.15485	232.71186	12.56450	12.65077	3.83000
278	248.40957	233.97742	12.52993	12.66046	3.83000
279	249.66120	235.24337	12.50272	12.65841	3.83000
280	250.91080	236.50879	12.48912	12.65005	3.83000
281	252.15972	237.77340	12.48934	12.64219	3.83000
282	253.40915	239.03750	12.49924	12.63983	3.83000
283	254.65978	240.30173	12.51332	12.64469	3.83000
284	255.91177	241.56672	12.52647	12.65505	3.83000
285	257.16483	242.83276	12.53488	12.66589	3.83000
286	258.41839	244.09959	12.53628	12.67056	3.83000
287	259.67169	245.36633	12.52968	12.66436	3.83000
288	260.92396	246.63192	12.51573	12.64748	3.83000
289	262.17460	247.89556	12.49701	12.62522	3.83000
290	263.42331	249.15712	12.47722	12.60595	3.83000
291	264.67018	250.41727	12.46012	12.59712	3.83000
292	265.91563	251.67718	12.44903	12.60101	3.83000
293	267.16037	252.93789	12.44576	12.61320	3.83000
294	268.40512	254.19982	12.44910	12.62545	3.83000
295	269.65034	255.46261	12.45535	12.63030	3.83000
296	270.89614	256.72533	12.46075	12.62412	3.83000
297	272.14233	257.98689	12.46288	12.60718	3.83000
298	273.38851	259.24634	12.46083	12.58176	3.83000
299	274.63430	260.50296	12.45490	12.55069	3.83000
300	275.87934	261.75635	12.44603	12.51700	3.83000
301	277.12340	263.00637	12.43504	12.48356	3.83000
302	278.36627	264.25320	12.42250	12.45304	3.83000
303	279.60786	265.49725	12.40929	12.42796	3.83000
304	280.84817	266.73915	12.39673	12.40995	3.83000
305	282.08731	267.97959	12.38623	12.39877	3.83000
306	283.32558	269.21914	12.37913	12.39236	3.83000
307	284.56337	270.45815	12.37662	12.38771	3.83000
308	285.80116	271.69664	12.37911	12.38224	3.83000
309	287.03939	272.93452	12.38555	12.37537	3.83000
310	288.27833	274.17173	12.39330	12.36877	3.83000
311	289.51793	275.40840	12.39878	12.36455	3.83000
312	290.75782	276.64482	12.39895	12.36387	3.83000
313	291.99742	277.88137	12.39301	12.36722	3.83000
314	293.23621	279.11847	12.38282	12.37480	3.83000
315	294.47394	280.35653	12.37172	12.38642	3.83000
316	295.71066	281.59594	12.36281	12.40163	3.83000
317	296.94671	282.83702	12.35808	12.41995	3.83000
318	298.18253	284.08006	12.35844	12.44088	3.83000
319	299.41862	285.32528	12.36328	12.46361	3.83000
320	300.65529	286.57281	12.37009	12.48701	3.83000
321	301.89258	287.82266	12.37566	12.50996	3.83000
322	303.13025	289.07473	12.37771	12.53139	3.83000
323	304.36790	290.32881	12.37544	12.55020	3.83000
324	305.60512	291.58461	12.36902	12.56579	3.83000
325	306.84155	292.84183	12.35944	12.57861	3.83000
326	308.07695	294.10027	12.34861	12.59026	3.83000
327	309.31134	295.35994	12.33921	12.60313	3.83000
328	310.54500	296.62108	12.33390	12.61971	3.83000
329	311.77839	297.88414	12.33399	12.64142	3.83000
330	313.01205	299.14960	12.33926	12.66783	3.83000
331	314.24650	300.41781	12.34964	12.69634	3.83000
332	315.48230	301.68879	12.36632	12.72318	3.83000
333	316.72015	302.96220	12.39075	12.74514	3.83000
334	317.96084	304.23752	12.42302	12.76117	3.83000
335	319.20507	305.51421	12.46157	12.77266	3.83000
336	320.45333	306.79197	12.50376	12.78246	3.83000
337	321.70587	308.07075	12.54687	12.79315	3.83000
338	322.96266	309.35071	12.58904	12.80604	3.83000
339	324.22359	310.63206	12.62948	12.82109	3.83000
340	325.48846	311.91498	12.66792	12.83734	3.83000
341	326.75706	313.19953	12.70421	12.85357	3.83000
342	328.02922	314.48564	12.73896	12.86871	3.83000
343	329.30487	315.77316	12.77394	12.88154	3.83000
344	330.58412	317.06177	12.81113	12.89071	3.83000
345	331.86726	318.35108	12.85167	12.89553	3.83000
346	333.15461	319.64067	12.89534	12.89630	3.83000
347	334.44640	320.93019	12.94052	12.89407	3.83000
348	335.74268	322.21940	12.98498	12.89005	3.83000
349	337.04330	323.50816	13.02749	12.88516	3.83000
350	338.34810	324.79639	13.06851	12.87953	3.83000
351	339.65701	326.08402	13.10956	12.87310	3.83000
352	340.97012	327.37100	13.15263	12.86638	3.83000
353	342.28772	328.65735	13.19953	12.86065	3.83000
354	343.61023	329.94326	13.25069	12.85757	3.83000
355	344.93800	331.22907	13.30452	12.85857	3.83000
356	346.27114	332.51520	13.35832	12.86412	3.83000
357	347.60955	333.80207	13.40996	12.87323	3.83000
358	348.95301	335.08991	13.45922	12.88363	3.83000
359	350.30137	336.37874	13.50805	12.89290	3.83000
360	351.65474	337.66836	13.55919	12.89951	3.83000
361	353.01342	338.95850	13.61442	12.90336	3.83000
362	354.37785	340.24896	13.67418	12.90585	3.83000
363	355.74845	341.53974	13.73790	12.90965	3.83000
364	357.12554	342.83112	13.80384	12.91796	3.83000
365	358.50919	344.12369	13.86913	12.93355	3.83000
366	359.89918	345.41826	13.93076	12.95773	3.83000
367	361.29505	346.71565	13.98672	12.99016	3.83000
368	362.69623	348.01664	14.03674	13.02958	3.83000
369	364.10220	349.32186	14.08262	13.07488	3.83000
370	365.51270	350.63189	14.12739	13.12574	3.83000
371	366.92770	351.94730	14.17264	13.18237	3.83000
372	368.34711	353.26864	14.21563	13.24454	3.83000
373	369.77037	354.59640	14.24958	13.31054	3.83000
374	371.19621	355.93078	14.26718	13.37700	3.83000
375	372.62283	357.27162	14.26519	13.43981	3.83000
376	374.04844	358.61838	14.24715	13.49555	3.83000
377	375.47184	359.97030	14.22068	13.54275	3.83000
378	376.89243	361.32656	14.19119	13.58250	3.83000
379	378.30997	362.68660	14.15965	13.61828	3.83000
380	379.72428	364.05025	14.12645	13.65465	3.83000
381	381.13537	365.41775	14.09550	13.69537	3.83000
382	382.54385	366.78961	14.07411	13.74182	3.83000
383	383.95104	368.16634	14.06958	13.79275	3.83000
384	385.35875	369.54823	14.08469	13.84522	3.83000
385	386.76872	370.93531	14.11475	13.89623	3.83000
386	388.18194	372.32729	14.14958	13.94348	3.83000
387	389.59838	373.72372	14.17931	13.98506	3.83000
388	391.01727	375.12394	14.19842	14.01926	3.83000
389	392.43746	376.52713	14.20543	14.04456	3.83000
390	393.85780	377.93236	14.20136	14.06019	3.83000
391	395.27733	379.33872	14.18924	14.06687	3.83000
392	396.69547	380.74541	14.17342	14.06691	3.83000
393	398.11205	382.15193	14.15818	14.06363	3.83000
394	399.52727	383.55814	14.14632	14.06044	3.83000
395	400.94153	384.96415	14.13890	14.05991	3.83000
396	402.35526	386.37031	14.13566	14.06323	3.83000
397	403.76882	387.77699	14.13563	14.07036	3.83000
398	405.18245	389.18452	14.13692	14.08021	3.83000
399	406.59616	390.59309	14.13723	14.09119	3.83000
400	408.00978	392.00272	14.13516	14.10146	3.83000
401	409.42308	393.41325	14.13086	14.10911	3.83000
402	410.83589	394.82435	14.12530	14.11282	3.83000
403	412.24812	396.23561	14.11923	14.11250	3.83000
404	413.65970	397.64668	14.11249	14.10887	3.83000
405	415.07057	399.05726	14.10485	14.10271	3.83000
406	416.48064	400.46713	14.09657	14.09480	3.83000
407	417.88987	401.87619	14.08805	14.08622	3.83000
408	419.29826	403.28440	14.07982	14.07805	3.83000
409	420.70590	404.69183	14.07280	14.07062	3.83000
410	422.11291	406.09855	14.06745	14.06363	3.83000
411	423.51941	407.50458	14.06261	14.05714	3.83000
412	424.92531	408.91004	14.05538	14.05197	3.83000
413	426.33020	410.31508	14.04236	14.04884	3.83000
414	427.73336	411.71990	14.02098	14.04756	3.83000
415	429.13392	413.12464	13.99020	14.04721	3.83000
416	430.53099	414.52933	13.95113	14.04662	3.83000
417	431.92394	415.93390	13.90777	14.04468	3.83000
418	433.31263	417.33816	13.86603	14.04056	3.83000
419	434.69746	418.74190	13.83076	14.03431	3.83000
420	436.07916	420.14498	13.80307	14.02721	3.83000
421	437.45831	421.54739	13.78010	14.02109	3.83000
422	438.83520	422.94931	13.75767	14.01723	3.83000
423	440.20977	424.35096	13.73372	14.01583	3.83000
424	441.58192	425.75254	13.70912	14.01577	3.83000
425	442.95164	427.15405	13.68533	14.01441	3.83000
426	444.31902	428.55519	13.66223	14.00841	3.83000
427	445.68404	429.95542	13.63832	13.99605	3.83000
428	447.04659	431.35417	13.61261	13.97905	3.83000
429	448.40652	432.75121	13.58605	13.96176	3.83000
430	449.76386	434.14671	13.56066	13.94813	3.83000
431	451.11876	435.54105	13.53730	13.93871	3.83000
432	452.47136	436.93447	13.51466	13.92966	3.83000
433	453.82162	438.32667	13.49053	13.91445	3.83000
434	455.16931	439.71674	13.46334	13.88690	3.83000
435	456.51408	441.10330	13.43219	13.84425	3.83000
436	457.85551	442.48492	13.39642	13.78831	3.83000
437	459.19311	443.86055	13.35558	13.72415	3.83000
438	460.52637	445.22963	13.30947	13.65747	3.83000
439	461.85476	446.59215	13.25848	13.59299	3.83000
440	463.17789	447.94851	13.20401	13.53408	3.83000
441	464.49550	449.29933	13.14818	13.48237	3.83000
442	465.80756	450.64531	13.09297	13.43727	3.83000
443	467.11417	451.98699	13.03940	13.39629	3.83000
444	468.41551	453.32462	12.98733	13.35642	3.83000
445	469.71169	454.65823	12.93621	13.31563	3.83000
446	471.00280	455.98765	12.88605	13.27294	3.83000
447	472.28896	457.31269	12.83717	13.22780	3.83000
448	473.57029	458.63308	12.78934	13.17988	3.83000
449	474.84682	459.94855	12.74136	13.12962	3.83000
450	476.11848	461.25894	12.69172	13.07816	3.83000
451	477.38505	462.56418	12.63978	13.02669	3.83000
452	478.64635	463.86433	12.58618	12.97624	3.83000
453	479.90226	465.15952	12.53214	12.92757	3.83000
454	481.15281	466.44993	12.47880	12.88065	3.83000
455	482.39811	467.73569	12.42727	12.83443	3.83000
456	483.63845	469.01677	12.37943	12.78719	3.83000
457	484.87433	470.29300	12.33809	12.73753	3.83000
458	486.10650	471.56414	12.30545	12.68530	3.83000
459	487.33585	472.83001	12.28158	12.63198	3.83000
460	488.56318	474.09059	12.26487	12.57975	3.83000
461	489.78912	475.34610	12.25402	12.53040	3.83000
462	491.01426	476.59685	12.24871	12.48453	3.83000
463	492.23912	477.84314	12.24848	12.44124	3.83000
464	493.46413	479.08513	12.25185	12.39857	3.83000
465	494.68957	480.32279	12.25679	12.35468	3.83000
466	495.91549	481.55595	12.26173	12.30862	3.83000
467	497.14188	482.78442	12.26595	12.26070	3.83000
468	498.36865	484.00806	12.26953	12.21213	3.83000
469	499.59575	485.22688	12.27259	12.16423	3.83000
470	500.82315	486.44097	12.27530	12.11759	3.83000
471	502.05083	487.65045	12.27833	12.07192	3.83000
472	503.27889	488.85537	12.28284	12.02664	3.83000
473	504.50752	490.05581	12.28980	11.98202	3.83000
474	505.73698	491.25193	12.29933	11.94037	3.83000
475	506.96746	492.44427	12.31038	11.90643	3.83000
476	508.19905	493.63390	12.32134	11.88631	3.83000
477	509.43168	494.82249	12.33120	11.88539	3.83000
478	510.66522	496.01207	12.33975	11.90627	3.83000
479	511.89957	497.20478	12.34709	11.94795	3.83000
480	513.13460	498.40248	12.35347	12.00594	3.83000
481	514.37022	499.60644	12.35908	12.07336	3.83000
482	515.60637	500.81726	12.36388	12.14302	3.83000
483	516.84298	502.03488	12.36833	12.20928	3.83000
484	518.08010	503.25877	12.37411	12.26847	3.83000
485	519.31797	504.48812	12.38323	12.31861	3.83000
486	520.55693	505.72199	12.39598	12.35891	3.83000
487	521.79725	506.95940	12.41048	12.38922	3.83000
488	523.03897	508.19937	12.42394	12.41011	3.83000
489	524.28185	509.44104	12.43367	12.42341	3.83000
490	525.52544	510.68382	12.43801	12.43218	3.83000
491	526.76921	511.92743	12.43739	12.43994	3.83000
492	528.01278	513.17191	12.43412	12.44967	3.83000
493	529.25602	514.41755	12.43055	12.46316	3.83000
494	530.49893	515.66476	12.42768	12.48098	3.83000
495	531.74158	516.91394	12.42525	12.50263	3.83000
496	532.98398	518.16543	12.42289	12.52713	3.83000
497	534.22617	519.41946	12.42088	12.55347	3.83000
498	535.46821	520.67616	12.41986	12.58058	3.83000
499	536.71020	521.93555	12.42002	12.60730	3.83000
500	537.95224	523.19755	12.42084	12.63262	3.83000
501	539.19434	524.46197	12.42097	12.65584	3.83000
502	540.43630	525.72858	12.41830	12.67639	3.83000
503	541.67772	526.99708	12.41007	12.69362	3.83000
504	542.91785	528.26708	12.39263	12.70634	3.83000
505	544.15557	529.53799	12.36174	12.71185	3.83000
506	545.38942	530.80892	12.31513	12.70673	3.83000
507	546.61798	532.07873	12.25612	12.68942	3.83000
508	547.84045	533.34624	12.19330	12.66082	3.83000
509	549.05686	534.61043	12.13483	12.62299	3.83000
510	550.26778	535.87049	12.08364	12.57829	3.83000
511	551.47384	537.12585	12.03758	12.52888	3.83000
512	552.67534	538.37611	11.99248	12.47620	3.83000
513	553.87221	539.62097	11.94487	12.42102	3.83000
514	555.06413	540.86023	11.89346	12.36434	3.83000
515	556.25080	542.09390	11.83993	12.30897	3.83000
516	557.43222	543.32233	11.78848	12.25970	3.83000
517	558.60881	544.54635	11.74338	12.22067	3.83000
518	559.78129	545.76704	11.70628	12.19300	3.83000
519	560.95038	546.98552	11.67553	12.17677	3.83000
520	562.11654	548.20309	11.64754	12.17447	3.83000
521	563.27985	549.42135	11.61870	12.19086	3.83000
522	564.44008	550.64237	11.58603	12.22951	3.83000
523	565.59674	551.86829	11.54700	12.28892	3.83000
524	566.74912	553.10081	11.50073	12.36135	3.83000
525	567.89668	554.34065	11.45041	12.43552	3.83000
526	569.03935	555.58741	11.40295	12.49972	3.83000
527	570.17771	556.83955	11.36431	12.54303	3.83000
528	571.31263	558.09454	11.33413	12.55680	3.83000
529	572.44463	559.34926	11.30585	12.53752	3.83000
530	573.57356	560.60052	11.27274	12.48771	3.83000
531	574.69876	561.84562	11.23135	12.41430	3.83000
532	575.81930	563.08269	11.17944	12.32714	3.83000
533	576.93395	564.31092	11.11351	12.23744	3.83000
534	578.04110	565.53054	11.02937	12.15494	3.83000
535	579.13877	566.74252	10.92418	12.08477	3.83000
536	580.22489	567.94805	10.79818	12.02577	3.83000
537	581.29759	569.14790	10.65585	11.97127	3.83000
538	582.35571	570.34205	10.50654	11.91159	3.83000
539	583.39921	571.52947	10.36335	11.83694	3.83000
540	584.42936	572.70833	10.23967	11.74029	3.83000
541	585.44858	573.87634	10.14482	11.61974	3.83000
542	586.45989	575.03132	10.08139	11.47998	3.83000
543	587.46624	576.17190	10.04550	11.33163	3.83000
544	588.46993	577.29788	10.02827	11.18788	3.83000
545	589.47216	578.41023	10.01649	11.05924	3.83000
546	590.47272	579.51064	9.99457	10.94896	3.83000
547	591.46991	580.60067	9.94923	10.85166	3.83000
548	592.46103	581.68107	9.87333	10.75623	3.83000
549	593.44304	582.75147	9.76687	10.65183	3.83000
550	594.41320	583.81069	9.63618	10.53260	3.83000
551	595.36957	584.85726	9.49124	10.39884	3.83000
552	596.31123	585.88997	9.34200	10.25533	3.83000
553	597.23812	586.90811	9.19582	10.10738	3.83000
554	598.15073	587.91139	9.05640	9.95826	3.83000
555	599.04977	588.89979	8.92424	9.80977	3.83000
556	599.93589	589.87346	8.79827	9.66364	3.83000
557	600.80974	590.83270	8.67862	9.52105	3.83000
558	601.67205	591.77782	8.56777	9.38132	3.83000
559	602.52384	592.70896	8.46785	9.24151	3.83000
560	603.36614	593.62589	8.37830	9.09708	3.83000
561	604.19994	594.52788	8.29764	8.94274	3.83000
562	605.02613	595.41375	8.22616	8.77478	3.83000
563	605.84575	596.28221	8.16615	8.59432	3.83000
564	606.66005	597.13235	8.11986	8.40852	3.83000
565	607.47034	597.96422	8.08598	8.22882	3.83000
566	608.27755	598.77902	8.05825	8.06717	3.83000
567	609.08190	599.57894	8.02886	7.93134	3.83000
568	609.88299	600.36662	7.99284	7.82226	3.83000
569	610.68012	601.14448	7.94981	7.73493	3.83000
570	611.47276	601.91427	7.90295	7.66072	3.83000
571	612.26071	602.67681	7.85598	7.59015	3.83000
572	613.04402	603.43214	7.81024	7.51652	3.83000
573	613.82275	604.17992	7.76447	7.43893	3.83000
574	614.59682	604.91996	7.71678	7.36201	3.83000
575	615.36596	605.65271	7.66605	7.29287	3.83000
576	616.12987	606.37922	7.61213	7.23741	3.83000
577	616.88827	607.10099	7.55589	7.19801	3.83000
578	617.64103	607.81953	7.49936	7.17265	3.83000
579	618.38820	608.53592	7.44408	7.15514	3.83000
580	619.12985	609.25054	7.38880	7.13745	3.83000
581	619.86584	609.96308	7.33100	7.11330	3.83000
582	620.59592	610.67274	7.27053	7.07994	3.83000
583	621.31991	611.37862	7.20930	7.03765	3.83000
584	622.03776	612.07996	7.14780	6.98914	3.83000
585	622.74934	612.77641	7.08370	6.93987	3.83000
586	623.45427	613.46828	7.01487	6.89754	3.83000
587	624.15219	614.15665	6.94355	6.86977	3.83000
588	624.84318	614.84320	6.87626	6.86121	3.83000
589	625.52800	615.52985	6.82012	6.87188	3.83000
590	626.20801	616.21832	6.78013	6.89749	3.83000
591	626.88489	616.90978	6.75756	6.93174	3.83000
592	627.56019	617.60484	6.74845	6.96932	3.83000
593	628.23485	618.30363	6.74474	7.00657	3.83000
594	628.90898	619.00598	6.73784	7.04046	3.83000
595	629.58196	619.71146	6.72179	7.06918	3.83000
596	630.25281	620.41958	6.69520	7.09319	3.83000
597	630.92064	621.12991	6.66139	7.11334	3.83000
598	631.58502	621.84198	6.62613	7.12809	3.83000
599	632.24605	622.55505	6.59452	7.13326	3.83000
600	632.90423	623.26790	6.56904	7.12376	3.83000
601	633.56015	623.97887	6.54932	7.09566	3.83000
602	634.21427	624.68607	6.53308	7.04831	3.83000
603	634.86679	625.38776	6.51740	6.98544	3.83000
604	635.51765	626.08276	6.49984	6.91460	3.83000
605	636.16661	626.77073	6.47923	6.84487	3.83000
606	636.81337	627.45214	6.45602	6.78324	3.83000
607	637.45777	628.12788	6.43201	6.73173	3.83000
608	638.09984	628.79887	6.40946	6.68807	3.83000
609	638.73983	629.46573	6.39031	6.64902	3.83000
610	639.37815	630.12880	6.37603	6.61250	3.83000
611	640.01540	630.78830	6.36897	6.57737	3.83000
612	640.65253	631.44428	6.37368	6.54224	3.83000
613	641.29099	632.09665	6.39547	6.50517	3.83000
614	641.93260	632.74515	6.43667	6.46480	3.83000
615	642.57912	633.38947	6.49376	6.42167	3.83000
616	643.23170	634.02946	6.55788	6.37805	3.83000
617	643.89052	634.66519	6.61849	6.33669	3.83000
618	644.55482	635.29700	6.66752	6.29951	3.83000
619	645.22323	635.92531	6.70060	6.26664	3.83000
620	645.89407	636.55042	6.71636	6.23561	3.83000
621	646.56571	637.17231	6.71640	6.20218	3.83000
622	647.23680	637.79064	6.70541	6.16439	3.83000
623	647.90657	638.40522	6.68990	6.12711	3.83000
624	648.57479	639.01667	6.67460	6.10193	3.83000
625	649.24143	639.62691	6.65816	6.10287	3.83000
626	649.90600	640.23911	6.63326	6.14124	3.83000
627	650.56728	640.85723	6.59238	6.22117	3.83000
628	651.22363	641.48516	6.53452	6.33730	3.83000
629	651.87372	642.12582	6.46720	6.47588	3.83000
630	652.51722	642.78058	6.40281	6.61932	3.83000
631	653.15504	643.44918	6.35376	6.75279	3.83000
632	653.78920	644.13027	6.32935	6.86902	3.83000
633	654.42237	644.82211	6.33397	6.96765	3.83000
634	655.05736	645.52303	6.36588	7.05076	3.83000
635	655.69653	646.23153	6.41748	7.11924	3.83000
636	656.34130	646.94608	6.47794	7.17181	3.83000
637	656.99201	647.66491	6.53641	7.20484	3.83000
638	657.64806	648.38581	6.58458	7.21313	3.83000
639	658.30820	649.10613	6.61810	7.19328	3.83000
640	658.97090	649.82310	6.63589	7.14619	3.83000
641	659.63452	650.53426	6.63655	7.07690	3.83000
642	660.29712	651.23780	6.61544	6.99390	3.83000
643	660.95618	651.93291	6.56569	6.90830	3.83000
644	661.60852	652.61986	6.48130	6.83079	3.83000
645	662.25058	653.29977	6.35990	6.76728	3.83000
646	662.87877	653.97395	6.20379	6.71644	3.83000
647	663.48993	654.64337	6.01940	6.67191	3.83000
648	664.08169	655.30837	5.81578	6.62809	3.83000
649	664.65263	655.96898	5.60309	6.58408	3.83000
650	665.20233	656.62533	5.39078	6.54288	3.83000
651	665.73119	657.27788	5.18642	6.50818	3.83000
652	666.24025	657.92732	4.99492	6.48072	3.83000
653	666.73089	658.57411	4.81782	6.45496	3.83000
654	667.20447	659.21779	4.65371	6.41873	3.83000
655	667.66222	659.85662	4.50131	6.35786	3.83000
656	668.10541	660.48760	4.36264	6.26180	3.83000
657	668.53559	661.10699	4.24093	6.12599	3.83000
658	668.95439	661.71091	4.13505	5.95237	3.83000
659	669.36305	662.29603	4.03818	5.74995	3.83000
660	669.76200	662.86013	3.94073	5.53217	3.83000
661	670.15072	663.40231	3.83365	5.31129	3.83000
662	670.52799	663.92259	3.71176	5.09427	3.83000
663	670.89239	664.42139	3.57627	4.88188	3.83000
664	671.24289	664.89900	3.43380	4.67020	3.83000
665	671.57919	665.35521	3.29223	4.45407	3.83000
666	671.90166	665.78946	3.15718	4.23099	3.83000
667	672.21108	666.20114	3.03112	4.00251	3.83000
668	672.50836	666.58993	2.91448	3.77328	3.83000
669	672.79445	666.95602	2.80734	3.54854	3.83000
670	673.07026	667.30002	2.70890	3.33146	3.83000
671	673.33652	667.62271	2.61622	3.12240	3.83000
672	673.59363	667.92483	2.52611	2.91993	3.83000
673	673.84185	668.20693	2.43816	2.72214	3.83000
674	674.08150	668.46943	2.35486	2.52786	3.83000
675	674.31322	668.71265	2.27958	2.33637	3.83000
676	674.53785	668.93677	2.21311	2.14610	3.83000
677	674.75605	669.14185	2.15078	1.95544	3.83000
678	674.96777	669.32790	2.08368	1.76560	3.83000
679	675.17208	669.49528	2.00241	1.58212	3.83000
680	675.36721	669.64509	1.90023	1.41401	3.83000
681	675.55098	669.77940	1.77518	1.27211	3.83000
682	675.72132	669.90135	1.63161	1.16687	3.83000
683	675.87695	670.01496	1.48113	1.10531	3.83000
684	676.01804	670.12461	1.34057	1.08786	3.83000
685	676.14635	670.23432	1.22570	1.10636	3.83000
686	676.26489	670.34689	1.14509	1.14497	3.83000
687	676.37705	670.46337	1.09801	1.18451	3.83000
688	676.48579	670.58302	1.07682	1.20848	3.83000
689	676.59322	670.70382	1.07175	1.20767	3.83000
690	676.70053	670.82326	1.07456	1.18114	3.83000
691	676.80823	670.93906	1.07939	1.13482	3.83000
692	676.91630	671.04976	1.08201	1.07924	3.83000
693	677.02433	671.15501	1.07864	1.02569	3.83000
694	677.13154	671.25541	1.06545	0.98238	3.83000
695	677.23679	671.35219	1.03960	0.95312	3.83000
696	677.33885	671.44672	1.00170	0.93740	3.83000
697	677.43678	671.54005	0.95680	0.92937	3.83000
698	677.53029	671.63244	0.91348	0.91840	3.83000
699	677.62007	671.72309	0.88198	0.89446	3.83000
700	677.70776	671.81052	0.87192	0.85431	3.83000
701	677.79591	671.89337	0.89107	0.80257	3.83000
702	677.88772	671.97090	0.94521	0.74805	3.83000
703	677.98686	672.04332	1.03758	0.70043	3.83000
704	678.09712	672.11182	1.16762	0.66951	3.83000
705	678.22204	672.17861	1.33072	0.66626	3.83000
706	678.36456	672.24696	1.51970	0.70071	3.83000
707	678.52690	672.32082	1.72715	0.77646	3.83000
708	678.71054	672.40405	1.94553	0.88818	3.83000
709	678.91610	672.49967	2.16575	1.02417	3.83000
710	679.14324	672.60943	2.37701	1.17114	3.83000
711	679.39058	672.73395	2.56984	1.31919	3.83000
712	679.65605	672.87310	2.73956	1.46394	3.83000
713	679.93733	673.02660	2.88600	1.60608	3.83000
714	680.23219	673.19441	3.01116	1.75003	3.83000
715	680.53861	673.37688	3.11725	1.89944	3.83000
716	680.85467	673.57445	3.20407	2.05191	3.83000
717	681.17826	673.78705	3.26767	2.20006	3.83000
718	681.50682	674.01389	3.30359	2.33665	3.83000
719	681.83757	674.25360	3.31137	2.45763	3.83000
720	682.16793	674.50465	3.29581	2.56344	3.83000
721	682.49599	674.76576	3.26548	2.65873	3.83000
722	682.82077	675.03617	3.23008	2.74944	3.83000
723	683.14213	675.31558	3.19707	2.83876	3.83000
724	683.46045	675.60378	3.16929	2.92525	3.83000
725	683.77617	675.90024	3.14513	3.00397	3.83000
726	684.08944	676.20389	3.12022	3.06910	3.83000
727	684.39993	676.51313	3.08953	3.11562	3.83000
728	684.70689	676.82588	3.04983	3.13947	3.83000
729	685.00944	677.13976	3.00105	3.13796	3.83000
730	685.30671	677.45220	2.94440	3.11084	3.83000
731	685.59791	677.76078	2.87957	3.06092	3.83000
732	685.88214	678.06350	2.80500	2.99344	3.83000
733	686.15838	678.35891	2.71987	2.91466	3.83000
734	686.42563	678.64620	2.62504	2.83118	3.83000
735	686.68303	678.92524	2.52296	2.74962	3.83000
736	686.93001	679.19650	2.41665	2.67551	3.83000
737	687.16623	679.46089	2.30780	2.61242	3.83000
738	687.39141	679.71963	2.19579	2.56230	3.83000
739	687.60513	679.97405	2.07860	2.52606	3.83000
740	687.80684	680.22550	1.95564	2.50292	3.83000
741	687.99612	680.47506	1.82997	2.48829	3.83000
742	688.17297	680.72313	1.70695	2.47320	3.83000
743	688.33785	680.96916	1.59079	2.44741	3.83000
744	688.49148	681.21168	1.48166	2.40302	3.83000
745	688.63433	681.44867	1.37539	2.33666	3.83000
746	688.76645	681.67802	1.26712	2.25032	3.83000
747	688.88763	681.89805	1.15643	2.15030	3.83000
748	688.99790	682.10782	1.04888	2.04524	3.83000
749	689.09801	682.30731	0.95344	1.94458	3.83000
750	689.18960	682.49741	0.87824	1.85741	3.83000
751	689.27490	682.67985	0.82785	1.79123	3.83000
752	689.35648	682.85691	0.80376	1.75006	3.83000
753	689.43698	683.03099	0.80624	1.73145	3.83000
754	689.51894	683.20380	0.83289	1.72486	3.83000
755	689.60435	683.37579	0.87530	1.71486	3.83000
756	689.69415	683.54589	0.92078	1.68721	3.83000
757	689.78809	683.71190	0.95804	1.63299	3.83000
758	689.88506	683.87102	0.98127	1.54931	3.83000
759	689.98366	684.02039	0.99082	1.43810	3.83000
760	690.08279	684.15757	0.99161	1.30549	3.83000
761	690.18194	684.28094	0.99150	1.16203	3.83000
762	690.28159	684.39013	1.00154	1.02180	3.83000
763	690.38344	684.48624	1.03530	0.90021	3.83000
764	690.49047	684.57177	1.10542	0.81041	3.83000
765	690.60670	684.65023	1.21922	0.75889	3.83000
766	690.73647	684.72535	1.37612	0.74351	3.83000
767	690.88366	684.80032	1.56757	0.75579	3.83000
768	691.05098	684.87732	1.77884	0.78433	3.83000
769	691.23954	684.95741	1.99245	0.81745	3.83000
770	691.44883	685.04054	2.19325	0.84513	3.83000
771	691.67709	685.12584	2.37198	0.86082	3.83000
772	691.92199	685.21200	2.52602	0.86246	3.83000
773	692.18118	685.29772	2.65786	0.85195	3.83000
774	692.45271	685.38201	2.77264	0.83372	3.83000
775	692.73510	685.46436	2.87531	0.81325	3.83000
776	693.02732	685.54483	2.96909	0.79614	3.83000
777	693.32859	685.62403	3.05626	0.78790	3.83000
778	693.63833	685.70311	3.13857	0.79385	3.83000
779	693.95602	685.78377	3.21523	0.81918	3.83000
780	694.28084	685.86817	3.28105	0.86891	3.83000
781	694.61132	685.95895	3.32856	0.94667	3.83000
782	694.94538	686.05895	3.35274	1.05335	3.83000
783	695.28069	686.17098	3.35339	1.18715	3.83000
784	695.61504	686.29758	3.33362	1.34499	3.83000
785	695.94665	686.44104	3.29851	1.52407	3.83000
786	696.27434	686.60336	3.25544	1.72233	3.83000
787	696.59781	686.78636	3.21388	1.93773	3.83000
788	696.91767	686.99163	3.18324	2.16776	3.83000
789	697.23534	687.22050	3.17025	2.40960	3.83000
790	697.55272	687.47403	3.17734	2.66093	3.83000
791	697.87173	687.75309	3.20284	2.92044	3.83000
792	698.19401	688.05844	3.24283	3.18654	3.83000
793	698.52078	688.39052	3.29264	3.45499	3.83000
794	698.85280	688.74912	3.34770	3.71711	3.83000
795	699.19039	689.13297	3.40403	3.95986	3.83000
796	699.53351	689.53938	3.45837	4.16832	3.83000
797	699.88185	689.96428	3.50840	4.32970	3.83000
798	700.23491	690.40264	3.55278	4.43737	3.83000
799	700.59210	690.84917	3.59106	4.49331	3.83000
800	700.95284	691.29919	3.62378	4.50713	3.83000
801	701.31664	691.74914	3.65228	4.49171	3.83000
802	701.68315	692.19673	3.67790	4.46021	3.83000
803	702.05213	692.64102	3.70161	4.42566	3.83000
804	702.42341	693.08228	3.72406	4.39946	3.83000
805	702.79689	693.52169	3.74545	4.38873	3.83000
806	703.17244	693.96088	3.76559	4.39510	3.83000
807	703.54993	694.40141	3.78430	4.41549	3.83000
808	703.92921	694.84443	3.80123	4.44496	3.83000
809	704.31006	695.29067	3.81588	4.47972	3.83000
810	704.69226	695.74054	3.82798	4.51779	3.83000
811	705.07554	696.19431	3.83763	4.55766	3.83000
812	705.45968	696.65206	3.84517	4.59729	3.83000
813	705.84448	697.11362	3.85095	4.63384	3.83000
814	706.22982	697.57846	3.85572	4.66290	3.83000
815	706.61562	698.04551	3.86038	4.67814	3.83000
816	707.00190	698.51310	3.86513	4.67381	3.83000
817	707.38862	698.97924	3.86930	4.64885	3.83000
818	707.77568	699.44209	3.87193	4.60813	3.83000
819	708.16290	699.90048	3.87240	4.55968	3.83000
820	708.55003	700.35401	3.87033	4.51109	3.83000
821	708.93682	700.80297	3.86544	4.46799	3.83000
822	709.32298	701.24806	3.85778	4.43385	3.83000
823	709.70826	701.69022	3.84775	4.40937	3.83000
824	710.09244	702.13032	3.83591	4.39254	3.83000
825	710.47537	702.56896	3.82258	4.38025	3.83000
826	710.85687	703.00652	3.80755	4.37109	3.83000
827	711.23677	703.44343	3.79037	4.36713	3.83000
828	711.61484	703.88038	3.77110	4.37183	3.83000
829	711.99092	704.31823	3.75036	4.38517	3.83000
830	712.36487	704.75759	3.72872	4.40188	3.83000
831	712.73662	705.19840	3.70636	4.41439	3.83000
832	713.10609	705.63998	3.68297	4.41716	3.83000
833	713.47315	706.08131	3.65824	4.40944	3.83000
834	713.83766	706.52151	3.63203	4.39466	3.83000
835	714.19947	706.96016	3.60409	4.37832	3.83000
836	714.55841	707.39740	3.57468	4.36643	3.83000
837	714.91447	707.83388	3.54656	4.36312	3.83000
838	715.26806	708.27038	3.52519	4.36698	3.83000
839	715.62012	708.70723	3.51612	4.37009	3.83000
840	715.97205	709.14384	3.52249	4.36204	3.83000
841	716.32544	709.57866	3.54527	4.33443	3.83000
842	716.68197	710.00951	3.58536	4.28259	3.83000
843	717.04351	710.43396	3.64533	4.20641	3.83000
844	717.41216	710.84992	3.72768	4.11267	3.83000
845	717.79009	711.25633	3.83095	4.01563	3.83000
846	718.17904	711.65372	3.94803	3.93207	3.83000
847	718.57978	712.04394	4.06669	3.87243	3.83000
848	718.99162	712.42926	4.17018	3.83393	3.83000
849	719.41215	712.81103	4.24046	3.80150	3.83000
850	719.83746	713.18893	4.26573	3.75642	3.83000
851	720.26314	713.56103	4.24783	3.68565	3.83000
852	720.68570	713.92465	4.20335	3.58676	3.83000
853	721.10374	714.27746	4.15749	3.46931	3.83000
854	721.51838	714.61853	4.13536	3.35206	3.83000
855	721.93290	714.94896	4.15509	3.25655	3.83000
856	722.35189	715.27185	4.22464	3.20127	3.83000
857	722.78023	715.59184	4.34212	3.19853	3.83000
858	723.22226	715.91440	4.49848	3.25280	3.83000
859	723.68122	716.24506	4.68071	3.36034	3.83000
860	724.15899	716.58869	4.87479	3.51226	3.83000
861	724.65614	716.94925	5.06818	3.69895	3.83000
862	725.17212	717.32971	5.25129	3.91018	3.83000
863	725.70557	717.73186	5.41773	4.13296	3.83000
864	726.25465	718.15617	5.56392	4.35312	3.83000
865	726.81730	718.60167	5.68900	4.55691	3.83000
866	727.39145	719.06596	5.79405	4.72896	3.83000
867	727.97515	719.54505	5.87995	4.85280	3.83000
868	728.56642	720.03354	5.94545	4.91690	3.83000
869	729.16312	720.52540	5.98847	4.92031	3.83000
870	729.76297	721.01513	6.00869	4.87441	3.83000
871	730.36383	721.49894	6.00846	4.80167	3.83000
872	730.96389	721.97554	5.99261	4.73043	3.83000
873	731.56192	722.44639	5.96816	4.68650	3.83000
874	732.15747	722.91503	5.94275	4.68625	3.83000
875	732.75069	723.38606	5.92166	4.73442	3.83000
876	733.34208	723.86407	5.90609	4.82584	3.83000
877	733.93208	724.35280	5.89387	4.94878	3.83000
878	734.52083	724.85469	5.88121	5.08893	3.83000
879	735.10812	725.37081	5.86468	5.23347	3.83000
880	735.69353	725.90116	5.84352	5.37362	3.83000
881	736.27674	726.44511	5.82049	5.50523	3.83000
882	736.85775	727.00178	5.79982	5.62818	3.83000
883	737.43692	727.57046	5.78360	5.74544	3.83000
884	738.01459	728.15079	5.76972	5.86130	3.83000
885	738.59073	728.74280	5.75320	5.97876	3.83000
886	739.16489	729.34656	5.73002	6.09651	3.83000
887	739.73642	729.96175	5.70042	6.20717	3.83000
888	740.30489	730.58706	5.66912	6.29909	3.83000
889	740.87051	731.22012	5.64323	6.36219	3.83000
890	741.43418	731.85791	5.63022	6.39365	3.83000
891	741.99749	732.49751	5.63596	6.39834	3.83000
892	742.56243	733.13668	5.66273	6.38499	3.83000
893	743.13100	733.77404	5.70877	6.36220	3.83000
894	743.70491	734.40897	5.76934	6.33641	3.83000
895	744.28528	735.04140	5.83801	6.31222	3.83000
896	744.87258	735.67170	5.90808	6.29375	3.83000
897	745.46670	736.30061	5.97433	6.28441	3.83000
898	746.06711	736.92908	6.03386	6.28499	3.83000
899	746.67310	737.55795	6.08597	6.29242	3.83000
900	747.28398	738.18761	6.13170	6.30072	3.83000
901	747.89921	738.81785	6.17283	6.30410	3.83000
902	748.51841	739.44807	6.21120	6.30045	3.83000
903	749.14141	740.07770	6.24878	6.29205	3.83000
904	749.76823	740.70645	6.28756	6.28306	3.83000
905	750.39908	741.33444	6.32947	6.27661	3.83000
906	751.03437	741.96190	6.37643	6.27255	3.83000
907	751.67468	742.58890	6.42970	6.26744	3.83000
908	752.32064	743.21513	6.48951	6.25718	3.83000
909	752.97290	743.83990	6.55569	6.23830	3.83000
910	753.63210	744.46221	6.62835	6.20781	3.83000
911	754.29890	745.08081	6.70757	6.16428	3.83000
912	754.97393	745.69451	6.79296	6.10965	3.83000
913	755.65773	746.30247	6.88320	6.04972	3.83000
914	756.35071	746.90459	6.97641	5.99270	3.83000
915	757.05308	747.50154	7.07088	5.94611	3.83000
916	757.76488	748.09451	7.16525	5.91332	3.83000
917	758.48605	748.68480	7.25800	5.89250	3.83000
918	759.21630	749.27337	7.34701	5.87888	3.83000
919	759.95513	749.86072	7.42962	5.86818	3.83000
920	760.70178	750.44709	7.50330	5.85921	3.83000
921	761.45525	751.03277	7.56628	5.85446	3.83000
922	762.21445	751.61843	7.61767	5.85857	3.83000
923	762.97822	752.20514	7.65773	5.87570	3.83000
924	763.74553	752.79432	7.68839	5.90787	3.83000
925	764.51559	753.38745	7.71293	5.95481	3.83000
926	765.28796	753.98592	7.73436	6.01451	3.83000
927	766.06238	754.59082	7.75404	6.08351	3.83000
928	766.83868	755.20288	7.77201	6.15777	3.83000
929	767.61672	755.82247	7.78887	6.23390	3.83000
930	768.39652	756.44964	7.80696	6.30955	3.83000
931	769.17834	757.08426	7.82956	6.38285	3.83000
932	769.96276	757.72601	7.85877	6.45217	3.83000
933	770.75038	758.37444	7.89378	6.51653	3.83000
934	771.54163	759.02908	7.93115	6.57619	3.83000
935	772.33654	759.68951	7.96697	6.63247	3.83000
936	773.13484	760.35548	7.99900	6.68681	3.83000
937	773.93614	761.02683	8.02704	6.74021	3.83000
938	774.74009	761.70352	8.05203	6.79368	3.83000
939	775.54643	762.38562	8.07466	6.84832	3.83000
940	776.35490	763.07328	8.09474	6.90478	3.83000
941	777.16523	763.76664	8.11200	6.96250	3.83000
942	777.97720	764.46577	8.12734	7.02005	3.83000
943	778.79073	765.17058	8.14316	7.07626	3.83000
944	779.60600	765.88094	8.16222	7.13089	3.83000
945	780.42341	766.59670	8.18604	7.18428	3.83000
946	781.24344	767.31779	8.21452	7.23747	3.83000
947	782.06649	768.04433	8.24655	7.29335	3.83000
948	782.89285	768.77686	8.28070	7.35723	3.83000
949	783.72266	769.51649	8.31550	7.43533	3.83000
950	784.55592	770.26482	8.34974	7.53145	3.83000
951	785.39258	771.02360	8.38338	7.64413	3.83000
952	786.23272	771.79412	8.41943	7.76620	3.83000
953	787.07694	772.57678	8.46494	7.88694	3.83000
954	787.92666	773.37091	8.52946	7.99564	3.83000
955	788.78421	774.17493	8.62153	8.08492	3.83000
956	789.65255	774.98680	8.74520	8.15247	3.83000
957	790.53472	775.80445	8.89818	8.20054	3.83000
958	791.43321	776.62617	9.07175	8.23378	3.83000
959	792.34944	777.45075	9.25290	8.25779	3.83000
960	793.28349	778.27758	9.42813	8.27882	3.83000
961	794.23421	779.10669	9.58620	8.30332	3.83000
962	795.19943	779.93866	9.71823	8.33625	3.83000
963	796.17616	780.77446	9.81642	8.37974	3.83000
964	797.16073	781.61512	9.87486	8.43331	3.83000
965	798.14913	782.46149	9.89324	8.49426	3.83000
966	799.13775	783.31412	9.87913	8.55821	3.83000
967	800.12394	784.17304	9.84468	8.62021	3.83000
968	801.10621	785.03788	9.80066	8.67668	3.83000
969	802.08391	785.90806	9.75331	8.72689	3.83000
970	803.05684	786.78304	9.70535	8.77272	3.83000
971	804.02506	787.66252	9.65899	8.81673	3.83000
972	804.98887	788.54637	9.61721	8.86035	3.83000
973	805.94882	789.43458	9.58186	8.90390	3.83000
974	806.90544	790.32719	9.55052	8.94831	3.83000
975	807.85881	791.22441	9.51682	8.99597	3.83000
976	808.80838	792.12665	9.47469	9.04899	3.83000
977	809.75322	793.03446	9.42210	9.10704	3.83000
978	810.69237	793.94819	9.36088	9.16771	3.83000
979	811.62513	794.86801	9.29422	9.22869	3.83000
980	812.55108	795.79389	9.22484	9.28883	3.83000
981	813.47007	796.72573	9.15507	9.34807	3.83000
982	814.38223	797.66349	9.08802	9.40699	3.83000
983	815.28803	798.60713	9.02802	9.46591	3.83000
984	816.18835	799.55657	8.97832	9.52293	3.83000
985	817.08414	800.51138	8.93754	9.57317	3.83000
986	817.97598	801.47055	8.89919	9.61021	3.83000
987	818.86371	802.43251	8.85557	9.62902	3.83000
988	819.74661	803.39537	8.80245	9.62821	3.83000
989	820.62376	804.35735	8.74040	9.61138	3.83000
990	821.49443	805.31726	8.67304	9.58674	3.83000
991	822.35830	806.27478	8.60439	9.56379	3.83000
992	823.21538	807.23040	8.53722	9.54856	3.83000
993	824.06588	808.18487	8.47281	9.54086	3.83000
994	824.91012	809.13869	8.41189	9.53560	3.83000
995	825.74849	810.09181	8.35555	9.52665	3.83000
996	826.58152	811.04362	8.30494	9.50951	3.83000
997	827.40975	811.99317	8.25979	9.48154	3.83000
998	828.23360	812.93935	8.21719	9.44202	3.83000
999	829.05308	813.88113	8.17235	9.39363	3.83000
1000	829.86775	814.81794	8.12102	9.34262	3.83000
1001	830.67690	815.74991	8.06205	9.29671	3.83000
1002	831.47992	816.67781	7.99825	9.26125	3.83000
1003	832.27655	817.60268	7.93450	9.23629	3.83000
1004	833.06703	818.52533	7.87496	9.21655	3.83000
1005	833.85184	819.44587	7.82132	9.19434	3.83000
1006	834.63155	820.36376	7.77278	9.16354	3.83000
1007	835.40655	821.27808	7.72739	9.12274	3.83000
1008	836.17709	822.18797	7.68332	9.07502	3.83000
1009	836.94321	823.09294	7.63911	9.02440	3.83000
1010	837.70484	823.99282	7.59336	8.97334	3.83000
1011	838.46176	824.88765	7.54511	8.92319	3.83000
1012	839.21378	825.77758	7.49536	8.87534	3.83000
1013	839.96095	826.66285	7.44805	8.83018	3.83000
1014	840.70379	827.54362	7.40873	8.78513	3.83000
1015	841.44333	828.41961	7.38207	8.73465	3.83000
1016	842.18095	829.28997	7.37031	8.67253	3.83000
1017	842.91812	830.15334	7.37311	8.59499	3.83000
1018	843.65617	831.00820	7.38783	8.50224	3.83000
1019	844.39607	831.85322	7.41011	8.39817	3.83000
1020	845.13833	832.68756	7.43524	8.28849	3.83000
1021	845.88309	833.51090	7.45986	8.17841	3.83000
1022	846.63021	834.32339	7.48258	8.07129	3.83000
1023	847.37950	835.12538	7.50320	7.96859	3.83000
1024	848.13076	835.91736	7.52198	7.87096	3.83000
1025	848.88382	836.69986	7.53927	7.77904	3.83000
1026	849.63852	837.47350	7.55478	7.69380	3.83000
1027	850.39464	838.23903	7.56750	7.61689	3.83000
1028	851.15185	838.99741	7.57683	7.55056	3.83000
1029	851.90987	839.74977	7.58340	7.49669	3.83000
1030	852.66848	840.49738	7.58892	7.45553	3.83000
1031	853.42773	841.24140	7.59610	7.42494	3.83000
1032	854.18793	841.98267	7.60791	7.40029	3.83000
1033	854.94963	842.72147	7.62593	7.37577	3.83000
1034	855.71338	843.45759	7.64914	7.34666	3.83000
1035	856.47955	844.19048	7.67436	7.31116	3.83000
1036	857.24817	844.91958	7.69792	7.27073	3.83000
1037	858.01896	845.64459	7.71788	7.22951	3.83000
1038	858.79159	846.36572	7.73484	7.19312	3.83000
1039	859.56588	847.08374	7.75094	7.16729	3.83000
1040	860.34184	847.79994	7.76821	7.15668	3.83000
1041	861.11961	848.51597	7.78729	7.16393	3.83000
1042	861.89933	849.23363	7.80698	7.18924	3.83000
1043	862.68093	849.95461	7.82508	7.23034	3.83000
1044	863.46419	850.68024	7.84016	7.28234	3.83000
1045	864.24886	851.41128	7.85321	7.33840	3.83000
1046	865.03491	852.14779	7.86782	7.39193	3.83000
1047	865.82274	852.88935	7.88871	7.43925	3.83000
1048	866.61318	853.63535	7.92007	7.48064	3.83000
1049	867.40740	854.38533	7.96441	7.51901	3.83000
1050	868.20670	855.13916	8.02163	7.55761	3.83000
1051	869.01217	855.89695	8.08760	7.59815	3.83000
1052	869.82426	856.65886	8.15424	7.64009	3.83000
1053	870.64266	857.42495	8.21370	7.68171	3.83000
1054	871.46654	858.19511	8.26403	7.72150	3.83000
1055	872.29524	858.96912	8.30991	7.75872	3.83000
1056	873.12860	859.74673	8.35740	7.79346	3.83000
1057	873.96689	860.52776	8.40832	7.82705	3.83000
1058	874.81031	861.31218	8.46017	7.86133	3.83000
1059	875.65883	862.10009	8.51024	7.89692	3.83000
1060	876.51228	862.89156	8.55876	7.93257	3.83000
1061	877.37063	863.68649	8.60811	7.96594	3.83000
1062	878.23403	864.48454	8.65990	7.99508	3.83000
1063	879.10270	865.28529	8.71345	8.02002	3.83000
1064	879.97668	866.08846	8.76632	8.04322	3.83000
1065	880.85580	866.89403	8.81590	8.06833	3.83000
1066	881.73964	867.70236	8.86096	8.09825	3.83000
1067	882.62780	868.51392	8.90226	8.13298	3.83000
1068	883.52001	869.32900	8.94202	8.16847	3.83000
1069	884.41623	870.14733	8.98237	8.19818	3.83000
1070	885.31652	870.96812	9.02334	8.21765	3.83000
1071	886.22078	871.79045	9.06189	8.22904	3.83000
1072	887.12852	872.61394	9.09288	8.24071	3.83000
1073	888.03874	873.43903	9.11148	8.26108	3.83000
1074	888.95008	874.26669	9.11538	8.29216	3.83000
1075	889.86112	875.09775	9.10550	8.32894	3.83000
1076	890.77064	875.93244	9.08489	8.36494	3.83000
1077	891.67774	876.77059	9.05714	8.39804	3.83000
1078	892.58186	877.61206	9.02519	8.43129	3.83000
1079	893.48265	878.45706	8.99071	8.46871	3.83000
1080	894.37992	879.30607	8.95462	8.51151	3.83000
1081	895.27356	880.15953	8.91810	8.55766	3.83000
1082	896.16358	881.01758	8.88233	8.60335	3.83000
1083	897.05006	881.87998	8.84737	8.64475	3.83000
1084	897.93303	882.74621	8.81201	8.67983	3.83000
1085	898.81237	883.61566	8.77468	8.70916	3.83000
1086	899.68782	884.48791	8.73442	8.73586	3.83000
1087	900.55911	885.36292	8.69136	8.76420	3.83000
1088	901.42598	886.24100	8.64605	8.79753	3.83000
1089	902.28820	887.12270	8.59820	8.83639	3.83000
1090	903.14544	888.00844	8.54677	8.87840	3.83000
1091	903.99737	888.89837	8.49178	8.92022	3.83000
1092	904.84374	889.79236	8.43550	8.95963	3.83000
1093	905.68457	890.69011	8.38118	8.99534	3.83000
1094	906.52014	891.59116	8.33023	9.02567	3.83000
1095	907.35070	892.49492	8.28101	9.04949	3.83000
1096	908.17629	893.40082	8.23078	9.06861	3.83000
1097	908.99676	894.30863	8.17856	9.08748	3.83000
1098	909.81200	895.21848	8.12631	9.10957	3.83000
1099	910.62218	896.13065	8.07719	9.13372	3.83000
1100	911.42768	897.04505	8.03281	9.15436	3.83000
1101	912.22895	897.96102	7.99263	9.16508	3.83000
1102	913.02637	898.87739	7.95582	9.16228	3.83000
1103	913.82035	899.79281	7.92378	9.14614	3.83000
1104	914.61156	900.70610	7.90030	9.11963	3.83000
1105	915.40103	901.61639	7.88918	9.08614	3.83000
1106	916.19005	902.52308	7.89115	9.04768	3.83000
1107	916.97975	903.42572	7.90286	9.00524	3.83000
1108	917.77080	904.32401	7.91825	8.96045	3.83000
1109	918.56326	905.21783	7.93081	8.91595	3.83000
1110	919.35658	906.10732	7.93577	8.87385	3.83000
1111	920.14996	906.99272	7.93165	8.83412	3.83000
1112	920.94257	907.87414	7.92066	8.79439	3.83000
1113	921.73400	908.75144	7.90790	8.75164	3.83000
1114	922.52437	909.62421	7.89948	8.70379	3.83000
1115	923.31436	910.49190	7.90039	8.64996	3.83000
1116	924.10502	911.35388	7.91273	8.58952	3.83000
1117	924.89742	912.20942	7.93528	8.52132	3.83000
1118	925.69242	913.05770	7.96476	8.44439	3.83000
1119	926.49056	913.89790	7.99813	8.35947	3.83000
1120	927.29217	914.72938	8.03403	8.27014	3.83000
1121	928.09749	915.55201	8.07224	8.18242	3.83000
1122	928.90671	916.36628	8.11221	8.10304	3.83000
1123	929.71994	917.17328	8.15242	8.03700	3.83000
1124	930.53710	917.97441	8.19070	7.98567	3.83000
1125	931.35789	918.77104	8.22524	7.94680	3.83000
1126	932.18196	919.56420	8.25609	7.91639	3.83000
1127	933.00905	920.35458	8.28582	7.89121	3.83000
1128	933.83927	921.14269	8.31854	7.87098	3.83000
1129	934.67310	921.92918	8.35792	7.85878	3.83000
1130	935.51131	922.71504	8.40626	7.85852	3.83000
1131	936.35482	923.50152	8.46406	7.87110	3.83000
1132	937.20448	924.28975	8.52919	7.89353	3.83000
1133	938.06078	925.08052	8.59680	7.92191	3.83000
1134	938.92368	925.87439	8.66118	7.95541	3.83000
1135	939.79266	926.67201	8.71843	7.99702	3.83000
1136	940.66699	927.47439	8.76802	8.05053	3.83000
1137	941.54604	928.28276	8.81314	8.11681	3.83000
1138	942.42967	929.09822	8.85933	8.19240	3.83000
1139	943.31820	929.92136	8.91134	8.27055	3.83000
1140	944.21228	930.75207	8.97018	8.34366	3.83000
1141	945.11241	931.58955	9.03249	8.40595	3.83000
1142	946.01867	932.43263	9.09276	8.45554	3.83000
1143	946.93063	933.28015	9.14645	8.49484	3.83000
1144	947.84754	934.13131	9.19173	8.52838	3.83000
1145	948.76858	934.98572	9.22893	8.55979	3.83000
1146	949.69296	935.84323	9.25881	8.59043	3.83000
1147	950.61997	936.70374	9.28139	8.61988	3.83000
1148	951.54883	937.56708	9.29565	8.64675	3.83000
1149	952.47863	938.43288	9.30053	8.66933	3.83000
1150	953.40851	939.30066	9.29704	8.68630	3.83000
1151	954.33782	940.16986	9.28914	8.69772	3.83000
1152	955.26633	941.04003	9.28112	8.70567	3.83000
1153	956.19412	941.91102	9.27467	8.71401	3.83000
1154	957.12133	942.78305	9.26945	8.72673	3.83000
1155	958.04805	943.65665	9.26489	8.74518	3.83000
1156	958.97424	944.53225	9.25891	8.76680	3.83000
1157	959.89933	945.40994	9.24298	8.78698	3.83000
1158	960.82151	946.28945	9.20058	8.80333	3.83000
1159	961.73738	947.17049	9.11688	8.81752	3.83000
1160	962.64288	948.05300	8.99306	8.83253	3.83000
1161	963.53505	948.93711	8.85045	8.84982	3.83000
1162	964.41374	949.82307	8.72320	8.86929	3.83000
1163	965.28222	950.71103	8.64652	8.88997	3.83000
1164	966.14678	951.60105	8.64456	8.91030	3.83000
1165	967.01510	952.49303	8.72197	8.92928	3.83000
1166	967.89436	953.38689	8.86312	8.94795	3.83000
1167	968.78940	954.28270	9.03782	8.96837	3.83000
1168	969.70176	955.18064	9.20926	8.99040	3.83000
1169	970.62932	956.08070	9.34203	9.01077	3.83000
1170	971.56692	956.98254	9.40990	9.02599	3.83000
1171	972.50752	957.88559	9.40212	9.03504	3.83000
1172	973.44389	958.78933	9.32527	9.03970	3.83000
1173	974.37002	959.69353	9.19724	9.04443	3.83000
1174	975.28176	960.59850	9.03767	9.05491	3.83000
1175	976.17690	961.50493	8.86504	9.07374	3.83000
1176	977.05511	962.41354	8.69931	9.09839	3.83000
1177	977.91816	963.32467	8.56161	9.12413	3.83000
1178	978.76974	964.23822	8.46993	9.14698	3.83000
1179	979.61496	965.15381	8.43443	9.16469	3.83000
1180	980.45942	966.07088	8.45493	9.17684	3.83000
1181	981.30819	966.98892	8.52044	9.18397	3.83000
1182	982.16480	967.90747	8.61182	9.18697	3.83000
1183	983.03085	968.82617	8.70908	9.18706	3.83000
1184	983.90627	969.74479	8.79934	9.18525	3.83000
1185	984.79023	970.66310	8.87991	9.18101	3.83000
1186	985.68202	971.58071	8.95590	9.17113	3.83000
1187	986.58161	972.49677	9.03576	9.15017	3.83000
1188	987.48972	973.40994	9.12648	9.11329	3.83000
1189	988.40746	974.31863	9.22827	9.06050	3.83000
1190	989.33537	975.22161	9.33004	8.99903	3.83000
1191	990.27241	976.11862	9.41079	8.94121	3.83000
1192	991.21533	977.01065	9.44758	8.89942	3.83000
1193	992.15893	977.89972	9.42439	8.88199	3.83000
1194	993.09699	978.78839	9.33681	8.89136	3.83000
1195	994.02347	979.67914	9.19278	8.92351	3.83000
1196	994.93365	980.57370	9.01075	8.96785	3.83000
1197	995.82501	981.47251	8.81659	9.00828	3.83000
1198	996.69778	982.37426	8.63875	9.02663	3.83000
1199	997.55472	983.27601	8.50000	9.00838	3.83000
1200	998.40015	984.17385	8.40869	8.94850	3.83000
1201	999.23845	985.06404	8.35734	8.85528	3.83000
1202	1000.07280	985.94428	8.32953	8.74945	3.83000
1203	1000.90471	986.81467	8.30866	8.65846	3.83000
1204	1001.73434	987.67800	8.28394	8.60801	3.83000
1205	1002.56115	988.53905	8.25237	8.61313	3.83000
1206	1003.38458	989.40332	8.21623	8.67209	3.83000
1207	1004.20430	990.27524	8.17812	8.76649	3.83000
1208	1005.02005	991.15697	8.13701	8.86806	3.83000
1209	1005.83132	992.04784	8.08829	8.94935	3.83000
1210	1006.63709	992.94493	8.02718	8.99248	3.83000
1211	1007.43603	993.84418	7.95149	8.99254	3.83000
1212	1008.22671	994.74161	7.86221	8.95588	3.83000
1213	1009.00798	995.63417	7.76327	8.89542	3.83000
1214	1009.77916	996.52021	7.66014	8.82542	3.83000
1215	1010.54002	997.39933	7.55720	8.75692	3.83000
1216	1011.29065	998.27189	7.45540	8.69425	3.83000
1217	1012.03101	999.13832	7.35183	8.63439	3.83000
1218	1012.76074	999.99857	7.24263	8.57067	3.83000
1219	1013.47921	1000.85195	7.12682	8.49682	3.83000
1220	1014.18587	1001.69724	7.00637	8.40910	3.83000
1221	1014.88032	1002.53305	6.88270	8.30700	3.83000
1222	1015.56216	1003.35803	6.75412	8.19259	3.83000
1223	1016.23074	1004.17110	6.61745	8.06891	3.83000
1224	1016.88522	1004.97148	6.47215	7.93868	3.83000
1225	1017.52495	1005.75860	6.32239	7.80372	3.83000
1226	1018.14983	1006.53205	6.17523	7.66519	3.83000
1227	1018.76043	1007.29150	6.03672	7.52382	3.83000
1228	1019.35772	1008.03665	5.90905	7.37913	3.83000
1229	1019.94268	1008.76708	5.79022	7.22952	3.83000
1230	1020.51599	1009.48226	5.67597	7.07405	3.83000
1231	1021.07793	1010.18163	5.56280	6.91348	3.83000
1232	1021.62858	1010.86474	5.45029	6.74861	3.83000
1233	1022.16814	1011.53109	5.34093	6.57835	3.83000
1234	1022.69713	1012.18004	5.23880	6.40077	3.83000
1235	1023.21649	1012.81085	5.14839	6.21543	3.83000
1236	1023.72755	1013.42285	5.07283	6.02444	3.83000
1237	1024.23179	1014.01567	5.01205	5.83197	3.83000
1238	1024.73054	1014.58943	4.96290	5.64336	3.83000
1239	1025.22474	1015.14481	4.92105	5.46420	3.83000
1240	1025.71491	1015.68300	4.88230	5.29966	3.83000
1241	1026.20119	1016.20572	4.84334	5.15460	3.83000
1242	1026.68348	1016.71513	4.80245	5.03367	3.83000
1243	1027.16159	1017.21380	4.75969	4.93964	3.83000
1244	1027.63535	1017.70432	4.71563	4.87086	3.83000
1245	1028.10464	1018.18890	4.67021	4.82076	3.83000
1246	1028.56928	1018.66895	4.62262	4.78018	3.83000
1247	1029.02903	1019.14500	4.57221	4.74094	3.83000
1248	1029.48361	1019.61699	4.51951	4.69872	3.83000
1249	1029.93292	1020.08464	4.46665	4.65432	3.83000
1250	1030.37708	1020.54797	4.41653	4.61238	3.83000
1251	1030.81646	1021.00750	4.37112	4.57823	3.83000
1252	1031.25153	1021.46417	4.33022	4.55506	3.83000
1253	1031.68264	1021.91907	4.29199	4.54293	3.83000
1254	1032.10994	1022.37318	4.25405	4.53931	3.83000
1255	1032.53336	1022.82716	4.21441	4.54023	3.83000
1256	1032.95269	1023.28124	4.17209	4.54142	3.83000
1257	1033.36766	1023.73527	4.12744	4.53923	3.83000
1258	1033.77811	1024.18879	4.08154	4.53119	3.83000
1259	1034.18396	1024.64118	4.03534	4.51653	3.83000
1260	1034.58518	1025.09182	3.98919	4.49637	3.83000
1261	1034.98180	1025.54029	3.94319	4.47303	3.83000
1262	1035.37384	1025.98641	3.89748	4.44925	3.83000
1263	1035.76134	1026.43027	3.85260	4.42799	3.83000
1264	1036.14444	1026.87225	3.80940	4.41165	3.83000
1265	1036.52334	1027.31285	3.76852	4.40039	3.83000
1266	1036.89827	1027.75245	3.73016	4.39145	3.83000
1267	1037.26951	1028.19104	3.69464	4.38041	3.83000
1268	1037.63739	1028.62822	3.66288	4.36329	3.83000
1269	1038.00235	1029.06328	3.63643	4.33793	3.83000
1270	1038.36500	1029.49540	3.61659	4.30434	3.83000
1271	1038.72600	1029.92384	3.60340	4.26447	3.83000
1272	1039.08595	1030.34815	3.59553	4.22170	3.83000
1273	1039.44528	1030.76822	3.59103	4.17984	3.83000
1274	1039.80422	1031.18434	3.58787	4.14256	3.83000
1275	1040.16282	1031.59714	3.58405	4.11333	3.83000
1276	1040.52092	1032.00755	3.57794	4.09482	3.83000
1277	1040.87825	1032.41668	3.56867	4.08793	3.83000
1278	1041.23448	1032.82565	3.55597	4.09140	3.83000
1279	1041.58926	1033.23534	3.53964	4.10234	3.83000
1280	1041.94220	1033.64629	3.51923	4.11669	3.83000
1281	1042.29287	1034.05862	3.49409	4.13000	3.83000
1282	1042.64076	1034.47207	3.46379	4.13889	3.83000
1283	1042.98536	1034.88612	3.42825	4.14221	3.83000
1284	1043.32616	1035.30027	3.38773	4.14070	3.83000
1285	1043.66269	1035.71408	3.34270	4.13558	3.83000
1286	1043.99448	1036.12723	3.29327	4.12746	3.83000
1287	1044.32106	1036.53942	3.23817	4.11629	3.83000
1288	1044.64167	1036.95034	3.17403	4.10214	3.83000
1289	1044.95511	1037.35973	3.09483	4.08560	3.83000
1290	1045.25949	1037.76738	2.99284	4.06743	3.83000
1291	1045.55220	1038.17312	2.86126	4.04740	3.83000
1292	1045.83011	1038.57664	2.69704	4.02293	3.83000
1293	1046.09004	1038.97718	2.50162	3.98794	3.83000
1294	1046.32915	1039.37324	2.28044	3.93325	3.83000
1295	1046.54527	1039.76234	2.04201	3.84877	3.83000
1296	1046.73717	1040.14112	1.79591	3.72672	3.83000
1297	1046.90446	1040.50565	1.55001	3.56383	3.83000
1298	1047.04739	1040.85194	1.30860	3.36202	3.83000
1299	1047.16648	1041.17642	1.07308	3.12761	3.83000
1300	1047.26239	1041.47624	0.84515	2.86889	3.83000
1301	1047.33617	1041.74935	0.63049	2.59322	3.83000
1302	1047.38964	1041.99431	0.43887	2.30589	3.83000
1303	1047.41158	1042.21018	0.00000	2.01170	3.83000
1304	1047.41158	1042.39660	0.00000	1.71669	3.83000
1305	1047.41158	1042.55385	0.00000	1.42829	3.83000
1306	1047.41158	1042.68302	0.00000	1.15509	3.83000
1307	1047.41158	1042.78609	0.00000	0.90627	3.83000
1308	1047.41158	1042.86590	0.00000	0.68993	3.83000
1309	1047.41158	1042.92594	0.00000	0.51076	3.83000
1310	1047.41158	1042.96993	0.00000	0.36914	3.83000
1311	1047.41158	1042.98839	0.00000	0.00000	3.83000
1312	1047.41158	1042.98839	0.00000	0.00000	3.83000
1313	1047.41158	1042.98839	0.00000	0.00000	3.83000
1314	1047.41158	1042.98839	0.00000	0.00000	3.83000
1315	1047.41158	1042.98839	0.00000	0.00000	3.83000
1316	1047.41158	1042.98839	0.00000	0.00000	3.83000
1317	1047.41158	1042.98839	0.00000	0.00000	3.83000
1318	1047.41158	1042.98839	0.00000	0.00000	3.83000
1319	1047.41158	1042.98839	0.00000	0.00000	3.83000
1320	1047.41158	1042.98839	0.00000	0.00000	3.83000
1321	1047.41158	1042.98839	0.00000	0.00000	3.83000
1322	1047.41158	1042.98839	0.00000	0.00000	3.83000
1323	1047.41158	1042.98839	0.00000	0.00000	3.83000
1324	1047.41158	1042.98839	0.00000	0.00000	3.83000
1325	1047.41158	1042.98839	0.00000	0.00000	3.83000
1326	1047.41158	1042.98839	0.00000	0.00000	3.83000
1327	1047.41158	1042.98839	0.00000	0.00000	3.83000
1328	1047.41158	1042.98839	0.00000	0.00000	3.83000
1329	1047.41158	1042.98839	0.00000	0.00000	3.83000
1330	1047.41158	1042.98839	0.00000	0.00000	3.83000
1331	1047.41158	1042.98839	0.00000	0.00000	3.83000
1332	1047.41158	1042.98839	0.00000	0.00000	3.83000
1333	1047.41158	1042.98839	0.00000	0.00000	3.83000
1334	1047.41158	1042.98839	0.00000	0.00000	3.83000
1335	1047.41158	1042.98839	0.00000	0.00000	3.83000
1336	1047.41158	1042.98839	0.00000	0.00000	3.83000
1337	1047.41158	1042.98839	0.00000	0.00000	3.83000
1338	1047.41158	1042.98839	0.00000	0.00000	3.83000
1339	1047.41158	1042.98839	0.00000	0.00000	3.83000
1340	1047.41158	1042.98839	0.00000	0.00000	3.83000
1341	1047.41158	1042.98839	0.00000	0.00000	3.83000
1342	1047.41158	1042.98839	0.00000	0.00000	3.83000
1343	1047.41158	1042.98839	0.00000	0.00000	3.83000
1344	1047.41158	1042.98839	0.00000	0.00000	3.83000
1345	1047.41158	1042.98839	0.00000	0.00000	3.83000
1346	1047.41158	1042.98839	0.00000	0.00000	3.83000
1347	1047.41158	1042.98839	0.00000	0.00000	3.83000
1348	1047.41158	1042.98839	0.00000	0.00000	3.83000
1349	1047.41158	1042.98839	0.00000	0.00000	3.83000
1350	1047.41158	1042.98839	0.00000	0.00000	3.83000
1351	1047.41158	1042.98839	0.00000	0.00000	3.83000
1352	1047.41158	1042.98839	0.00000	0.00000	3.83000
1353	1047.41158	1042.98839	0.00000	0.00000	3.83000
1354	1047.41158	1042.98839	0.00000	0.00000	3.83000
1355	1047.41158	1042.98839	0.00000	0.00000	3.83000
1356	1047.41158	1042.98839	0.00000	0.00000	3.83000
1357	1047.41158	1042.98839	0.00000	0.00000	3.83000
1358	1047.41158	1042.98839	0.00000	0.00000	3.83000
1359	1047.41158	1042.98839	0.00000	0.00000	3.83000
1360	1047.41158	1042.98839	0.00000	0.00000	3.83000
1361	1047.41158	1042.98839	0.00000	0.00000	3.83000
1362	1047.41158	1042.98839	0.00000	0.00000	3.83000
1363	1047.41158	1042.98839	0.00000	0.00000	3.83000
1364	1047.41158	1042.98839	0.00000	0.00000	3.83000
1365	1047.41158	1042.98839	0.00000	0.00000	3.83000
1366	1047.41158	1042.98839	0.00000	0.00000	3.83000
1367	1047.41158	1042.98839	0.00000	0.00000	3.83000
1368	1047.41158	1042.98839	0.00000	0.00000	3.83000
1369	1047.41158	1042.98839	0.00000	0.00000	3.83000
1370	1047.41158	1042.98839	0.00000	0.00000	3.83000
1371	1047.41158	1042.98839	0.00000	0.00000	3.83000
1372	1047.41158	1042.98839	0.00000	0.00000	3.83000
1373	1047.41158	1042.98839	0.00000	0.00000	3.83000
1374	1047.41158	1042.98839	0.00000	0.00000	3.83000
1375	1047.41158	1042.98839	0.00000	0.00000	3.83000
1376	1047.41158	1042.98839	0.00000	0.00000	3.83000
1377	1047.41158	1042.98839	0.00000	0.00000	3.83000
1378	1047.41158	1042.98839	0.00000	0.00000	3.83000
1379	1047.41158	1042.98839	0.00000	0.00000	3.83000
1380	1047.41158	1042.98839	0.00000	0.00000	3.83000
1381	1047.41158	1042.98839	0.00000	0.00000	3.83000
1382	1047.41158	1042.98839	0.00000	0.00000	3.83000
1383	1047.41158	1042.98839	0.00000	0.00000	3.83000
1384	1047.41158	1042.98839	0.00000	0.00000	3.83000
1385	1047.41158	1042.98839	0.00000	0.00000	3.83000
1386	1047.41158	1042.98839	0.00000	0.00000	3.83000
1387	1047.41158	1042.98839	0.00000	0.00000	3.83000
1388	1047.41158	1042.98839	0.00000	0.00000	3.83000
1389	1047.41158	1042.98839	0.00000	0.00000	3.83000
1390	1047.41158	1042.98839	0.00000	0.00000	3.83000
1391	1047.41158	1042.98839	0.00000	0.00000	3.83000
1392	1047.41158	1042.98839	0.00000	0.00000	3.83000
1393	1047.41158	1042.98839	0.00000	0.00000	3.83000
1394	1047.41158	1042.98839	0.00000	0.00000	3.83000
1395	1047.41158	1042.98839	0.00000	0.00000	3.83000
1396	1047.41158	1042.98839	0.00000	0.00000	3.83000
1397	1047.41158	1042.98839	0.00000	0.00000	3.83000
1398	1047.41158	1042.98839	0.00000	0.00000	3.83000
1399	1047.41158	1042.98839	0.00000	0.00000	3.83000
1400	1047.41158	1042.98839	0.00000	0.00000	3.83000
1401	1047.41158	1042.98839	0.00000	0.00000	3.83000
1402	1047.41158	1042.98839	0.00000	0.00000	3.83000
1403	1047.41158	1042.98839	0.00000	0.00000	3.83000
1404	1047.41158	1042.98839	0.00000	0.00000	3.83000
1405	1047.41158	1042.98839	0.00000	0.00000	3.83000
1406	1047.41158	1042.98839	0.00000	0.00000	3.83000
1407	1047.41158	1042.98839	0.00000	0.00000	3.83000
1408	1047.41158	1042.98839	0.00000	0.00000	3.83000
1409	1047.41158	1042.98839	0.00000	0.00000	3.83000
1410	1047.41158	1042.98839	0.00000	0.00000	3.83000
1411	1047.41158	1042.98839	0.00000	0.00000	3.83000
1412	1047.41158	1042.98839	0.00000	0.00000	3.83000
1413	1047.41158	1042.98839	0.00000	0.00000	3.83000
1414	1047.41158	1042.98839	0.00000	0.00000	3.83000
1415	1047.41158	1042.98839	0.00000	0.00000	3.83000
1416	1047.41158	1042.98839	0.00000	0.00000	3.83000
1417	1047.41158	1042.98839	0.00000	0.00000	3.83000
1418	1047.41158	1042.98839	0.00000	0.00000	3.83000
1419	1047.41158	1042.98839	0.00000	0.00000	3.83000
1420	1047.41158	1042.98839	0.00000	0.00000	3.83000
1421	1047.41158	1042.98839	0.00000	0.00000	3.83000
1422	1047.41158	1042.98839	0.00000	0.00000	3.83000
1423	1047.41158	1042.98839	0.00000	0.00000	3.83000
1424	1047.41158	1042.98839	0.00000	0.00000	3.83000
1425	1047.41158	1042.98839	0.00000	0.00000	3.83000
1426	1047.41158	1042.98839	0.00000	0.00000	3.83000
1427	1047.41158	1042.98839	0.00000	0.00000	3.83000
1428	1047.41158	1042.98839	0.00000	0.00000	3.83000
1429	1047.41158	1042.98839	0.00000	0.00000	3.83000
1430	1047.43076	1042.98839	0.38364	0.00000	3.83000
1431	1047.47509	1042.98839	0.50282	0.00000	3.83000
1432	1047.53156	1042.98839	0.62663	0.00000	3.83000
1433	1047.60034	1042.98839	0.74893	0.00000	3.83000
1434	1047.68105	1042.98839	0.86537	0.00000	3.83000
1435	1047.77305	1042.98839	0.97455	0.00000	3.83000
1436	1047.87567	1042.98839	1.07787	0.00000	3.83000
1437	1047.98844	1042.98839	1.17754	0.00000	3.83000
1438	1048.11101	1042.98839	1.27390	0.00000	3.83000
1439	1048.24290	1042.98839	1.36378	0.00000	3.83000
1440	1048.38315	1042.98839	1.44124	0.00000	3.83000
1441	1048.53019	1042.98839	1.49967	0.00000	3.83000
1442	1048.68190	1042.98839	1.53456	0.00000	3.83000
1443	1048.83590	1042.98839	1.54530	0.00000	3.83000
1444	1048.98993	1043.00907	1.53542	0.41368	3.83000
1445	1049.14227	1043.05764	1.51140	0.55772	3.83000
1446	1049.29187	1043.12068	1.48057	0.70296	3.83000
1447	1049.43837	1043.19775	1.44945	0.83842	3.83000
1448	1049.58199	1043.28742	1.42285	0.95512	3.83000
1449	1049.72332	1043.38752	1.40388	1.04687	3.83000
1450	1049.86323	1043.49541	1.39420	1.11085	3.83000
1451	1050.00264	1043.60833	1.39403	1.14747	3.83000
1452	1050.14241	1043.72369	1.40133	1.15977	3.83000
1453	1050.28301	1043.83932	1.41078	1.15278	3.83000
1454	1050.42427	1043.95362	1.41445	1.13328	3.83000
1455	1050.56524	1044.06574	1.40484	1.10912	3.83000
1456	1050.70437	1044.17556	1.37776	1.08741	3.83000
1457	1050.83992	1044.28358	1.33327	1.07284	3.83000
1458	1050.97034	1044.39058	1.27509	1.06725	3.83000
1459	1051.09454	1044.49744	1.20900	1.06996	3.83000
1460	1051.21202	1044.60486	1.14062	1.07848	3.83000
1461	1051.32275	1044.71327	1.07387	1.08972	3.83000
1462	1051.42698	1044.82282	1.01075	1.10129	3.83000
1463	1051.52512	1044.93348	0.95202	1.11174	3.83000
1464	1051.61760	1045.04505	0.89768	1.11978	3.83000
1465	1051.70482	1045.15723	0.84673	1.12385	3.83000
1466	1051.78701	1045.26957	0.79711	1.12288	3.83000
1467	1051.86418	1045.38157	0.74626	1.11713	3.83000
1468	1051.93611	1045.49285	0.69225	1.10840	3.83000
1469	1052.00245	1045.60323	0.63467	1.09922	3.83000
1470	1052.06289	1045.71275	0.57407	1.09127	3.83000
1471	1052.11712	1045.82153	0.51042	1.08422	3.83000
1472	1052.16478	1045.92955	0.44281	1.07631	3.83000
1473	1052.20546	1046.03669	0.37087	1.06634	3.83000
1474	1052.22401	1046.14274	0.00000	1.05481	3.83000
1475	1052.22401	1046.24765	0.00000	1.04338	3.83000
1476	1052.22401	1046.35151	0.00000	1.03372	3.83000
1477	1052.22401	1046.45452	0.00000	1.02645	3.83000
1478	1052.22401	1046.55688	0.00000	1.02083	3.83000
1479	1052.22401	1046.65870	0.00000	1.01551	3.83000
1480	1052.22401	1046.75992	0.00000	1.00897	3.83000
1481	1052.22401	1046.86032	0.00000	0.99893	3.83000
1482	1052.22401	1046.95934	0.00000	0.98147	3.83000
1483	1052.22401	1047.05600	0.00000	0.95176	3.83000
1484	1052.22401	1047.14888	0.00000	0.90579	3.83000
1485	1052.22401	1047.23625	0.00000	0.84158	3.83000
1486	1052.22401	1047.31630	0.00000	0.75946	3.83000
1487	1052.22401	1047.38738	0.00000	0.66220	3.83000
1488	1052.22401	1047.44827	0.00000	0.55566	3.83000
1489	1052.22401	1047.49851	0.00000	0.44901	3.83000
1490	1052.22401	1047.53859	0.00000	0.35264	3.83000
1491	1052.22401	1047.55622	0.00000	0.00000	3.83000
1492	1052.22401	1047.55622	0.00000	0.00000	3.83000
1493	1052.22401	1047.55622	0.00000	0.00000	3.83000
1494	1052.22401	1047.55622	0.00000	0.00000	3.83000
1495	1052.22401	1047.55622	0.00000	0.00000	3.83000
1496	1052.22401	1047.55622	0.00000	0.00000	3.83000
1497	1052.22401	1047.55622	0.00000	0.00000	3.83000
1498	1052.22401	1047.55622	0.00000	0.00000	3.83000
1499	1052.22401	1047.55622	0.00000	0.00000	3.83000
1500	1052.22401	1047.55622	0.00000	0.00000	3.83000
1501	1052.22401	1047.55622	0.00000	0.00000	3.83000
1502	1052.22401	1047.55622	0.00000	0.00000	3.83000
1503	1052.22401	1047.55622	0.00000	0.00000	3.83000
1504	1052.22401	1047.55622	0.00000	0.00000	3.83000
1505	1052.22401	1047.55622	0.00000	0.00000	3.83000
1506	1052.22401	1047.55622	0.00000	0.00000	3.83000
1507	1052.22401	1047.55622	0.00000	0.00000	3.83000
1508	1052.22401	1047.55622	0.00000	0.00000	3.83000
1509	1052.22401	1047.55622	0.00000	0.00000	3.83000
1510	1052.22401	1047.55622	0.00000	0.00000	3.83000
1511	1052.22401	1047.55622	0.00000	0.00000	3.83000
1512	1052.22401	1047.55622	0.00000	0.00000	3.83000
1513	1052.22401	1047.55622	0.00000	0.00000	3.83000
1514	1052.22401	1047.55622	0.00000	0.00000	3.83000
1515	1052.22401	1047.55622	0.00000	0.00000	3.83000
1516	1052.22401	1047.55622	0.00000	0.00000	3.83000
1517	1052.22401	1047.55622	0.00000	0.00000	3.83000
1518	1052.22401	1047.55622	0.00000	0.00000	3.83000
1519	1052.22401	1047.55622	0.00000	0.00000	3.83000
1520	1052.24182	1047.55622	0.35627	0.00000	3.83000
1521	1052.28559	1047.55622	0.51923	0.00000	3.83000
1522	1052.34688	1047.55622	0.70650	0.00000	3.83000
1523	1052.42771	1047.55622	0.91012	0.00000	3.83000
1524	1052.52943	1047.55622	1.12428	0.00000	3.83000
1525	1052.65291	1047.55622	1.34521	0.00000	3.83000
1526	1052.79867	1047.55622	1.57008	0.00000	3.83000
1527	1052.96702	1047.55622	1.79699	0.00000	3.83000
1528	1053.15814	1047.55622	2.02535	0.00000	3.83000
1529	1053.37212	1047.55622	2.25432	0.00000	3.83000
1530	1053.60884	1047.55622	2.47990	0.00000	3.83000
1531	1053.86755	1047.57454	2.69443	0.36644	3.83000
1532	1054.14678	1047.61717	2.89017	0.48616	3.83000
1533	1054.44445	1047.67272	3.06317	0.62467	3.83000
1534	1054.75827	1047.74281	3.21329	0.77729	3.83000
1535	1055.08602	1047.82868	3.34160	0.93998	3.83000
1536	1055.42554	1047.93118	3.44892	1.11008	3.83000
1537	1055.77475	1048.05103	3.53534	1.28685	3.83000
1538	1056.13148	1048.18896	3.59923	1.47177	3.83000
1539	1056.49331	1048.34594	3.63736	1.66781	3.83000
1540	1056.85754	1048.52323	3.64722	1.87803	3.83000
1541	1057.22139	1048.72233	3.62973	2.10408	3.83000
1542	1057.58241	1048.94478	3.59060	2.34481	3.83000
1543	1057.93891	1049.19181	3.53950	2.59576	3.83000
1544	1058.29025	1049.46412	3.48735	2.85042	3.83000
1545	1058.63675	1049.76173	3.44254	3.10192	3.83000
1546	1058.97928	1050.08401	3.40819	3.34371	3.83000
1547	1059.31881	1050.42968	3.38234	3.56960	3.83000
1548	1059.65597	1050.79689	3.36078	3.77456	3.83000
1549	1059.99101	1051.18339	3.34016	3.95558	3.83000
1550	1060.32395	1051.58676	3.31866	4.11169	3.83000
1551	1060.65463	1052.00450	3.29485	4.24314	3.83000
1552	1060.98277	1052.43411	3.26799	4.34903	3.83000
1553	1061.30811	1052.87281	3.23887	4.42505	3.83000
1554	1061.63052	1053.31739	3.20929	4.46640	3.83000
1555	1061.95002	1053.76437	3.18063	4.47321	3.83000
1556	1062.26672	1054.21061	3.15340	4.45171	3.83000
1557	1062.58078	1054.65373	3.12785	4.41061	3.83000
1558	1062.89241	1055.09214	3.10483	4.35768	3.83000
1559	1063.20193	1055.52500	3.08543	4.29944	3.83000
1560	1063.50967	1055.95206	3.06941	4.24184	3.83000
1561	1063.81585	1056.37361	3.05421	4.18916	3.83000
1562	1064.12037	1056.79017	3.03617	4.14202	3.83000
1563	1064.42284	1057.20215	3.01314	4.09765	3.83000
1564	1064.72282	1057.60968	2.98659	4.05279	3.83000
1565	1065.02024	1058.01262	2.96176	4.00611	3.83000
1566	1065.31561	1058.41084	2.94567	3.95833	3.83000
1567	1065.61011	1058.80429	2.94427	3.91068	3.83000
1568	1065.90534	1059.19300	2.96044	3.86345	3.83000
1569	1066.20307	1059.57698	2.99399	3.81603	3.83000
1570	1066.50491	1059.95616	3.04287	3.76772	3.83000
1571	1066.81222	1060.33046	3.10325	3.71830	3.83000
1572	1067.12583	1060.69979	3.16896	3.66814	3.83000
1573	1067.44592	1061.06415	3.23292	3.61909	3.83000
1574	1067.77207	1061.42383	3.28998	3.57459	3.83000
1575	1068.10347	1061.77948	3.33799	3.53831	3.83000
1576	1068.43921	1062.13205	3.37696	3.51318	3.83000
1577	1068.77847	1062.48279	3.40825	3.50158	3.83000
1578	1069.12061	1062.83314	3.43452	3.50547	3.83000
1579	1069.46535	1063.18471	3.46031	3.52593	3.83000
1580	1069.81294	1063.53915	3.49150	3.56287	3.83000
1581	1070.16418	1063.89808	3.53328	3.61566	3.83000
1582	1070.52027	1064.26304	3.58842	3.68358	3.83000
1583	1070.88253	1064.63546	3.65686	3.76488	3.83000
1584	1071.25217	1065.01647	3.73599	3.85532	3.83000
1585	1071.63003	1065.40666	3.82121	3.94834	3.83000
1586	1072.01646	1065.80594	3.90735	4.03742	3.83000
1587	1072.41135	1066.21374	3.99048	4.11847	3.83000
1588	1072.81431	1066.62921	4.06865	4.19091	3.83000
1589	1073.22480	1067.05154	4.14123	4.25581	3.83000
1590	1073.64225	1067.47999	4.20763	4.31303	3.83000
1591	1074.06598	1067.91369	4.26709	4.36114	3.83000
1592	1074.49532	1068.35175	4.31964	4.40006	3.83000
1593	1074.92963	1068.79339	4.36658	4.43270	3.83000
1594	1075.36847	1069.23821	4.41029	4.46367	3.83000
1595	1075.81171	1069.68618	4.45437	4.49566	3.83000
1596	1076.25959	1070.13732	4.50331	4.52728	3.83000
1597	1076.71285	1070.59146	4.56197	4.55552	3.83000
1598	1077.17275	1071.04822	4.63589	4.57962	3.83000
1599	1077.64112	1071.50729	4.73167	4.60169	3.83000
1600	1078.12048	1071.96859	4.85545	4.62438	3.83000
1601	1078.61376	1072.43225	5.01014	4.64891	3.83000
1602	1079.12397	1072.89845	5.19400	4.67499	3.83000
1603	1079.65375	1073.36724	5.40169	4.70079	3.83000
1604	1080.20513	1073.83846	5.62592	4.72360	3.83000
1605	1080.77937	1074.31177	5.85893	4.74269	3.83000
1606	1081.37699	1074.78697	6.09344	4.76120	3.83000
1607	1081.99771	1075.26427	6.32087	4.78482	3.83000
1608	1082.64018	1075.74450	6.52853	4.81985	3.83000
1609	1083.30166	1076.22909	6.70107	4.87194	3.83000
1610	1083.97804	1076.71992	6.82653	4.94462	3.83000
1611	1084.66441	1077.21907	6.90089	5.03831	3.83000
1612	1085.35587	1077.72852	6.92842	5.15081	3.83000
1613	1086.04830	1078.24994	6.92009	5.27765	3.83000
1614	1086.73886	1078.78438	6.89119	5.41106	3.83000
1615	1087.42630	1079.33188	6.85746	5.53896	3.83000
1616	1088.11068	1079.89115	6.83011	5.64645	3.83000
1617	1088.79286	1080.45951	6.81351	5.72073	3.83000
1618	1089.47394	1081.03338	6.80811	5.75666	3.83000
1619	1090.15510	1081.60919	6.81523	5.75959	3.83000
1620	1090.83774	1082.18440	6.83739	5.74454	3.83000
1621	1091.52330	1082.75825	6.87397	5.73248	3.83000
1622	1092.21295	1083.33211	6.91886	5.74464	3.83000
1623	1092.90707	1083.90917	6.96361	5.79675	3.83000
1624	1093.60539	1084.49377	7.00273	5.89517	3.83000
1625	1094.30733	1085.09033	7.03626	6.03600	3.83000
1626	1095.01257	1085.70248	7.06836	6.20698	3.83000
1627	1095.72116	1086.33240	7.10345	6.39146	3.83000
1628	1096.43348	1086.98059	7.14312	6.57244	3.83000
1629	1097.14993	1087.64599	7.18586	6.73554	3.83000
1630	1097.87065	1088.32634	7.22851	6.87144	3.83000
1631	1098.59551	1089.01879	7.26862	6.97744	3.83000
1632	1099.32423	1089.72051	7.30588	7.05695	3.83000
1633	1100.05661	1090.42921	7.34159	7.11706	3.83000
1634	1100.79253	1091.14336	7.37694	7.16598	3.83000
1635	1101.53199	1091.86219	7.41220	7.21072	3.83000
1636	1102.27497	1092.58552	7.44732	7.25586	3.83000
1637	1103.02147	1093.31350	7.48277	7.30376	3.83000
1638	1103.77160	1094.04648	7.51974	7.35584	3.83000
1639	1104.52559	1094.78495	7.56005	7.41343	3.83000
1640	1105.28386	1095.52949	7.60545	7.47741	3.83000
1641	1106.04697	1096.28074	7.65677	7.54766	3.83000
1642	1106.81550	1097.03925	7.71374	7.62241	3.83000
1643	1107.58993	1097.80525	7.77492	7.69770	3.83000
1644	1108.37057	1098.57858	7.83777	7.76892	3.83000
1645	1109.15746	1099.35871	7.90009	7.83358	3.83000
1646	1109.95054	1100.14499	7.96164	7.89205	3.83000
1647	1110.74981	1100.93685	8.02376	7.94518	3.83000
1648	1111.55538	1101.73372	8.08750	7.99222	3.83000
1649	1112.36738	1102.53492	8.15253	8.03177	3.83000
1650	1113.18589	1103.33971	8.21760	8.06399	3.83000
1651	1114.01086	1104.14747	8.28187	8.09128	3.83000
1652	1114.84226	1104.95790	8.34621	8.11735	3.83000
1653	1115.68025	1105.77101	8.41354	8.14486	3.83000
1654	1116.52530	1106.58690	8.48737	8.17294	3.83000
1655	1117.37817	1107.40545	8.57019	8.19798	3.83000
1656	1118.23984	1108.22622	8.66304	8.21739	3.83000
1657	1119.11126	1109.04872	8.76536	8.23264	3.83000
1658	1119.99325	1109.87282	8.87457	8.24943	3.83000
1659	1120.88630	1110.69906	8.98632	8.27537	3.83000
1660	1121.79034	1111.52864	9.09460	8.31608	3.83000
1661	1122.70465	1112.36304	9.19156	8.37206	3.83000
1662	1123.62772	1113.20357	9.26982	8.43855	3.83000
1663	1124.55757	1114.05089	9.32722	8.50788	3.83000
1664	1125.49240	1114.90494	9.36933	8.57307	3.83000
1665	1126.43126	1115.76512	9.40791	8.63052	3.83000
1666	1127.37447	1116.63068	9.45627	8.68058	3.83000
1667	1128.32343	1117.50103	9.52300	8.72643	3.83000
1668	1129.28005	1118.37598	9.60935	8.77264	3.83000
1669	1130.24609	1119.25581	9.71137	8.82386	3.83000
1670	1131.22277	1120.14117	9.82234	8.88336	3.83000
1671	1132.21064	1121.03289	9.93503	8.95115	3.83000
1672	1133.20965	1121.93162	10.04511	9.02336	3.83000
1673	1134.21957	1122.83750	10.15333	9.09422	3.83000
1674	1135.24048	1123.75015	10.26491	9.15887	3.83000
1675	1136.27309	1124.66880	10.38724	9.21419	3.83000
1676	1137.31880	1125.59244	10.52697	9.25856	3.83000
1677	1138.37949	1126.51994	10.68676	9.29145	3.83000
1678	1139.45696	1127.45014	10.86276	9.31257	3.83000
1679	1140.55234	1128.38185	11.04467	9.32161	3.83000
1680	1141.66555	1129.31391	11.21957	9.31956	3.83000
1681	1142.79538	1130.24539	11.37704	9.30996	3.83000
1682	1143.93980	1131.17577	11.51131	9.29761	3.83000
1683	1145.09639	1132.10496	11.62056	9.28618	3.83000
1684	1146.26265	1133.03313	11.70474	9.27724	3.83000
1685	1147.43596	1133.96052	11.76137	9.27065	3.83000
1686	1148.61319	1134.88732	11.78327	9.26543	3.83000
1687	1149.79045	1135.81360	11.76188	9.26005	3.83000
1688	1150.96320	1136.73923	11.69307	9.25265	3.83000
1689	1152.12685	1137.66395	11.58003	9.24175	3.83000
1690	1153.27748	1138.58738	11.43249	9.22671	3.83000
1691	1154.41237	1139.50911	11.26526	9.20800	3.83000
1692	1155.53052	1140.42886	11.09789	9.18700	3.83000
1693	1156.63305	1141.34648	10.95258	9.16528	3.83000
1694	1157.72307	1142.26198	10.84785	9.14471	3.83000
1695	1158.80510	1143.17566	10.79269	9.12905	3.83000
1696	1159.88402	1144.08835	10.78579	9.12457	3.83000
1697	1160.96420	1145.00148	10.81771	9.13810	3.83000
1698	1162.04876	1145.91712	10.87355	9.17475	3.83000
1699	1163.13930	1146.83774	10.93725	9.23756	3.83000
1700	1164.23598	1147.76600	10.99639	9.32759	3.83000
1701	1165.33802	1148.70453	11.04446	9.44314	3.83000
1702	1166.44426	1149.65566	11.08024	9.57947	3.83000
1703	1167.55359	1150.62114	11.10647	9.73012	3.83000
1704	1168.66532	1151.60210	11.12815	9.88906	3.83000
1705	1169.77923	1152.59916	11.14993	10.05209	3.83000
1706	1170.89544	1153.61263	11.17433	10.21737	3.83000
1707	1172.01427	1154.64276	11.20217	10.38515	3.83000
1708	1173.13607	1155.68986	11.23387	10.55686	3.83000
1709	1174.26123	1156.75439	11.26936	10.73373	3.83000
1710	1175.39006	1157.83687	11.30732	10.91601	3.83000
1711	1176.52271	1158.93782	11.34572	11.10297	3.83000
1712	1177.65916	1160.05762	11.38324	11.29295	3.83000
1713	1178.79933	1161.19643	11.42003	11.48331	3.83000
1714	1179.94318	1162.35411	11.45707	11.67029	3.83000
1715	1181.09080	1163.53011	11.49530	11.84961	3.83000
1716	1182.24231	1164.72349	11.53500	12.01809	3.83000
1717	1183.39787	1165.93314	11.57615	12.17496	3.83000
1718	1184.55764	1167.15798	11.61923	12.32168	3.83000
1719	1185.72185	1168.39706	11.66488	12.45994	3.83000
1720	1186.89074	1169.64955	11.71291	12.58987	3.83000
1721	1188.06450	1170.91456	11.76240	12.71047	3.83000
1722	1189.24325	1172.19114	11.81257	12.82103	3.83000
1723	1190.42702	1173.47827	11.86289	12.92152	3.83000
1724	1191.61580	1174.77494	11.91264	13.01198	3.83000
1725	1192.80948	1176.08015	11.96098	13.09223	3.83000
1726	1194.00787	1177.39286	12.00689	13.16190	3.83000
1727	1195.21070	1178.71200	12.04962	13.22094	3.83000
1728	1196.41766	1180.03654	12.08970	13.26986	3.83000
1729	1197.62861	1181.36549	12.12916	13.30915	3.83000
1730	1198.84358	1182.69790	12.17036	13.33904	3.83000
1731	1200.06284	1184.03285	12.21476	13.36001	3.83000
1732	1201.28670	1185.36949	12.26249	13.37282	3.83000
1733	1202.51543	1186.70704	12.31214	13.37818	3.83000
1734	1203.74910	1188.04478	12.36116	13.37654	3.83000
1735	1204.98753	1189.38200	12.40744	13.36788	3.83000
1736	1206.23044	1190.71798	12.45076	13.35169	3.83000
1737	1207.47758	1192.05195	12.49200	13.32766	3.83000
1738	1208.72874	1193.38317	12.53130	13.29685	3.83000
1739	1209.98370	1194.71115	12.56782	13.26268	3.83000
1740	1211.24214	1196.03581	12.60100	13.23063	3.83000
1741	1212.50378	1197.35766	12.63178	13.20637	3.83000
1742	1213.76848	1198.67765	12.66227	13.19341	3.83000
1743	1215.03632	1199.99693	12.69445	13.19218	3.83000
1744	1216.30751	1201.31654	12.72946	13.20006	3.83000
1745	1217.58239	1202.63713	12.76811	13.21167	3.83000
1746	1218.86134	1203.95872	12.81085	13.22009	3.83000
1747	1220.14471	1205.28069	12.85669	13.21927	3.83000
1748	1221.43271	1206.60192	12.90320	13.20531	3.83000
1749	1222.72524	1207.92099	12.94748	13.17622	3.83000
1750	1224.02196	1209.23642	12.98684	13.13230	3.83000
1751	1225.32227	1210.54697	13.01939	13.07872	3.83000
1752	1226.62551	1211.85224	13.04538	13.02676	3.83000
1753	1227.93116	1213.15309	13.06754	12.99027	3.83000
1754	1229.23901	1214.45159	13.08964	12.97966	3.83000
1755	1230.54924	1215.75049	13.11483	12.99829	3.83000
1756	1231.86222	1217.05252	13.14477	13.04233	3.83000
1757	1233.17840	1218.35972	13.17893	13.10171	3.83000
1758	1234.49806	1219.67293	13.21420	13.16249	3.83000
1759	1235.82109	1220.99162	13.24639	13.21124	3.83000
1760	1237.14703	1222.31411	13.27249	13.23862	3.83000
1761	1238.47520	1223.63810	13.29095	13.24110	3.83000
1762	1239.80482	1224.96129	13.30135	13.22283	3.83000
1763	1241.13515	1226.28224	13.30523	13.19610	3.83000
1764	1242.46569	1227.60087	13.30557	13.17658	3.83000
1765	1243.79621	1228.91853	13.30483	13.17657	3.83000
1766	1245.12666	1230.23744	13.30426	13.20168	3.83000
1767	1246.45711	1231.56006	13.30474	13.25069	3.83000
1768	1247.78770	1232.88839	13.30690	13.31583	3.83000
1769	1249.11854	1234.22337	13.31005	13.38382	3.83000
1770	1250.44959	1235.56457	13.31090	13.44022	3.83000
1771	1251.78038	1236.91034	13.30490	13.47525	3.83000
1772	1253.11008	1238.25840	13.28907	13.48584	3.83000
1773	1254.43767	1239.60638	13.26284	13.47374	3.83000
1774	1255.76218	1240.95231	13.22734	13.44492	3.83000
1775	1257.08284	1242.29507	13.18577	13.41030	3.83000
1776	1258.39932	1243.63472	13.14382	13.38257	3.83000
1777	1259.71190	1244.97231	13.10786	13.36936	3.83000
1778	1261.02138	1246.30923	13.08161	13.36896	3.83000
1779	1262.32868	1247.64629	13.06446	13.37220	3.83000
1780	1263.63452	1248.98330	13.05234	13.36813	3.83000
1781	1264.93916	1250.31920	13.04045	13.34986	3.83000
1782	1266.24249	1251.65258	13.02615	13.31781	3.83000
1783	1267.54430	1252.98240	13.01011	13.27856	3.83000
1784	1268.84455	1254.30837	12.99495	13.24079	3.83000
1785	1270.14345	1255.63097	12.98305	13.21117	3.83000
1786	1271.44137	1256.95113	12.97527	13.19200	3.83000
1787	1272.73868	1258.26981	12.97100	13.18165	3.83000
1788	1274.03571	1259.58770	12.96949	13.17621	3.83000
1789	1275.33271	1260.90505	12.97059	13.17081	3.83000
1790	1276.62993	1262.22168	12.97382	13.16169	3.83000
1791	1277.92755	1263.53724	12.97851	13.14946	3.83000
1792	1279.22573	1264.85165	12.98512	13.13876	3.83000
1793	1280.52473	1266.16525	12.99486	13.13324	3.83000
1794	1281.82484	1267.47852	13.00741	13.13218	3.83000
1795	1283.12628	1268.79173	13.02126	13.13204	3.83000
1796	1284.42912	1270.10478	13.03560	13.12897	3.83000
1797	1285.73344	1271.41724	13.05072	13.12025	3.83000
1798	1287.03935	1272.72850	13.06754	13.10483	3.83000
1799	1288.34706	1274.03784	13.08662	13.08214	3.83000
1800	1289.65674	1275.34452	13.10709	13.05144	3.83000
1801	1290.96847	1276.64778	13.12753	13.01366	3.83000
1802	1292.28223	1277.94709	13.14758	12.97256	3.83000
1803	1293.59799	1279.24239	13.16774	12.93353	3.83000
1804	1294.91578	1280.53414	13.18793	12.90146	3.83000
1805	1296.23553	1281.82317	13.20714	12.87907	3.83000
1806	1297.55712	1283.11043	13.22458	12.86605	3.83000
1807	1298.88037	1284.39674	13.24045	12.86017	3.83000
1808	1300.20519	1285.68274	13.25596	12.85986	3.83000
1809	1301.53164	1286.96900	13.27297	12.86546	3.83000
1810	1302.85997	1288.25617	13.29370	12.87776	3.83000
1811	1304.19070	1289.54484	13.32099	12.89566	3.83000
1812	1305.52463	1290.83536	13.35745	12.91491	3.83000
1813	1306.86266	1292.12759	13.40315	12.92965	3.83000
1814	1308.20555	1293.42086	13.45462	12.93571	3.83000
1815	1309.55360	1294.71427	13.50656	12.93238	3.83000
1816	1310.90667	1296.00698	13.55480	12.92186	3.83000
1817	1312.26435	1297.29848	13.59886	12.90822	3.83000
1818	1313.62641	1298.58873	13.64235	12.89669	3.83000
1819	1314.99304	1299.87817	13.69007	12.89212	3.83000
1820	1316.36469	1301.16765	13.74306	12.89748	3.83000
1821	1317.74168	1302.45821	13.79674	12.91373	3.83000
1822	1319.12375	1303.75091	13.84452	12.94029	3.83000
1823	1320.51010	1305.04667	13.88250	12.97497	3.83000
1824	1321.89975	1306.34611	13.91063	13.01385	3.83000
1825	1323.29183	1307.64940	13.93094	13.05190	3.83000
1826	1324.68569	1308.95622	13.94623	13.08444	3.83000
1827	1326.08102	1310.26592	13.96029	13.10950	3.83000
1828	1327.47790	1311.57788	13.97735	13.12972	3.83000
1829	1328.87675	1312.89199	13.99977	13.15248	3.83000
1830	1330.27807	1314.20898	14.02652	13.18730	3.83000
1831	1331.68209	1315.53041	14.05399	13.24131	3.83000
1832	1333.08867	1316.85827	14.07763	13.31587	3.83000
1833	1334.49723	1318.19438	14.09338	13.40640	3.83000
1834	1335.90686	1319.53993	14.09930	13.50466	3.83000
1835	1337.31664	1320.89523	14.09627	13.60126	3.83000
1836	1338.72577	1322.25970	14.08628	13.68818	3.83000
1837	1340.13361	1323.63214	14.07057	13.76064	3.83000
1838	1341.53964	1325.01103	14.05010	13.81708	3.83000
1839	1342.94346	1326.39478	14.02635	13.85790	3.83000
1840	1344.34482	1327.78195	14.00071	13.88562	3.83000
1841	1345.74357	1329.17155	13.97442	13.90643	3.83000
1842	1347.13975	1330.56339	13.94912	13.93032	3.83000
1843	1348.53355	1331.95833	13.92684	13.96850	3.83000
1844	1349.92537	1333.35824	13.90959	14.02968	3.83000
1845	1351.31578	1334.76554	13.89861	14.11633	3.83000
1846	1352.70539	1336.18247	13.89353	14.22221	3.83000
1847	1354.09468	1337.61022	13.89235	14.33277	3.83000
1848	1355.48395	1339.04834	13.89298	14.42966	3.83000
1849	1356.87333	1340.49472	13.89457	14.49793	3.83000
1850	1358.26293	1341.94621	13.89743	14.53194	3.83000
1851	1359.65291	1343.39966	13.90229	14.53701	3.83000
1852	1361.04351	1344.85284	13.90967	14.52650	3.83000
1853	1362.43499	1346.30496	13.91989	14.51594	3.83000
1854	1363.82766	1347.75658	13.93354	14.51652	3.83000
1855	1365.22188	1349.20899	13.95092	14.53173	3.83000
1856	1366.61798	1350.66353	13.97094	14.55907	3.83000
1857	1368.01610	1352.12114	13.99162	14.59314	3.83000
1858	1369.41625	1353.58212	14.01130	14.62641	3.83000
1859	1370.81824	1355.04594	14.02851	14.64992	3.83000
1860	1372.22176	1356.51128	14.04189	14.65702	3.83000
1861	1373.62641	1357.97648	14.05115	14.64695	3.83000
1862	1375.03182	1359.44004	14.05709	14.62426	3.83000
1863	1376.43768	1360.90103	14.05993	14.59559	3.83000
1864	1377.84359	1362.35916	14.05832	14.56692	3.83000
1865	1379.24904	1363.81459	14.05079	14.54171	3.83000
1866	1380.65348	1365.26765	14.03799	14.51940	3.83000
1867	1382.05652	1366.71836	14.02275	14.49478	3.83000
1868	1383.45802	1368.16604	14.00732	14.45891	3.83000
1869	1384.85792	1369.60916	13.99063	14.40340	3.83000
1870	1386.25590	1371.04568	13.96886	14.32698	3.83000
1871	1387.65131	1372.47397	13.93947	14.23888	3.83000
1872	1389.04351	1373.89364	13.90449	14.15452	3.83000
1873	1390.43216	1375.30569	13.86845	14.08662	3.83000
1874	1391.81723	1376.71203	13.83303	14.04005	3.83000
1875	1393.19863	1378.11469	13.79498	14.01320	3.83000
1876	1394.57586	1379.51544	13.74959	14.00171	3.83000
1877	1395.94813	1380.91556	13.69574	14.00078	3.83000
1878	1397.31479	1382.31593	13.63759	14.00668	3.83000
1879	1398.67578	1383.71718	13.58208	14.01820	3.83000
1880	1400.03164	1385.11991	13.53526	14.03644	3.83000
1881	1401.38344	1386.52478	13.50073	14.06096	3.83000
1882	1402.73243	1387.93210	13.47904	14.08535	3.83000
1883	1404.07975	1389.34126	13.46728	14.09787	3.83000
1884	1405.42605	1390.75061	13.45882	14.08912	3.83000
1885	1406.77120	1392.15806	13.44416	14.05987	3.83000
1886	1408.11408	1393.56212	13.41348	14.02135	3.83000
1887	1409.45280	1394.96257	13.36089	13.98761	3.83000
1888	1410.78522	1396.36025	13.28742	13.96616	3.83000
1889	1412.10956	1397.75626	13.19942	13.95404	3.83000
